    0 | " "  |  1 | 0.178913
    1 | "e"  |  1 | 0.0954853
    2 | "t"  |  1 | 0.0698377
    3 | "a"  |  1 | 0.0578957
    4 | "o"  |  1 | 0.0573974
    5 | "n"  |  1 | 0.0496929
    6 | "i"  |  1 | 0.0462876
    7 | "s"  |  1 | 0.0446216
    8 | "h"  |  1 | 0.0440764
    9 | "r"  |  1 | 0.0421692
   10 | "d"  |  1 | 0.0350202
   11 | "e " |  2 | 0.0297958
   12 | "l"  |  1 | 0.0289509
   13 | " t" |  2 | 0.0248404
   14 | "u"  |  1 | 0.0224613
   15 | "he" |  2 | 0.0217063
   16 | "th" |  2 | 0.0196668
   17 | "g"  |  1 | 0.0187844
   18 | "c"  |  1 | 0.017947
   19 | "d " |  2 | 0.0176527
   20 | "m"  |  1 | 0.0176489
   21 | "w"  |  1 | 0.017187
   22 | "t " |  2 | 0.0166865
   23 | " a" |  2 | 0.0160201
   24 | "f"  |  1 | 0.0151406
   25 | "in" |  2 | 0.0150552
   26 | "."  |  1 | 0.0145798
   27 | "
"  |  1 | 0.0142373
   28 | "s " |  2 | 0.0141838
   29 | "y"  |  1 | 0.0137139
   30 | "p"  |  1 | 0.0132411
   31 | "er" |  2 | 0.0128507
   32 | " s" |  2 | 0.0124049
   33 | ","  |  1 | 0.0122929
   34 | " w" |  2 | 0.0115576
   35 | ", " |  2 | 0.010952
   36 | "b"  |  1 | 0.0106717
   37 | " h" |  2 | 0.0103385
   38 | "re" |  2 | 0.0101999
   39 | "an" |  2 | 0.0100798
   40 | " o" |  2 | 0.0098888
   41 | "n " |  2 | 0.00947121
   42 | "ed" |  2 | 0.00935813
   43 | "  " |  2 | 0.00932712
   44 | "ou" |  2 | 0.00914572
   45 | "ng" |  2 | 0.0088593
   46 | ". " |  2 | 0.00860017
   47 | "r " |  2 | 0.00829059
   48 | "k"  |  1 | 0.00828946
   49 | "on" |  2 | 0.00802598
   50 | "nd" |  2 | 0.00778101
   51 | "to" |  2 | 0.00776933
   52 | "o " |  2 | 0.00766752
   53 | "at" |  2 | 0.00745438
   54 | "ha" |  2 | 0.00726864
   55 | " b" |  2 | 0.00721117
   56 | "y " |  2 | 0.00713933
   57 | " i" |  2 | 0.00711835
   58 | "

" |  2 | 0.00710997
   59 | " m" |  2 | 0.00688454
   60 | "en" |  2 | 0.00667957
   61 | "g " |  2 | 0.00662685
   62 | "I"  |  1 | 0.00660732
   63 | " c" |  2 | 0.00641113
   64 | "it" |  2 | 0.00628575
   65 | "as" |  2 | 0.00627976
   66 | "’"  |  1 | 0.00620616
   67 | " f" |  2 | 0.00618694
   68 | "v"  |  1 | 0.00612833
   69 | "or" |  2 | 0.00588139
   70 | "st" |  2 | 0.00577141
   71 | "te" |  2 | 0.00570474
   72 | "le" |  2 | 0.00557378
   73 | "ar" |  2 | 0.00529853
   74 | "hi" |  2 | 0.00526886
   75 | "f " |  2 | 0.00508239
   76 | "wa" |  2 | 0.0050735
   77 | "es" |  2 | 0.00499391
   78 | " d" |  2 | 0.00495133
   79 | " I" |  2 | 0.0048952
   80 | "ea" |  2 | 0.00470625
   81 | "me" |  2 | 0.00466563
   82 | "se" |  2 | 0.00454459
   83 | " p" |  2 | 0.00453715
   84 | "nt" |  2 | 0.00452867
   85 | "ne" |  2 | 0.00449136
   86 | "ve" |  2 | 0.00440939
   87 | "“"  |  1 | 0.00439988
   88 | "ti" |  2 | 0.00437156
   89 | "”"  |  1 | 0.00433052
   90 | "ro" |  2 | 0.00432381
   91 | "I " |  2 | 0.00430644
   92 | "is" |  2 | 0.0042745
   93 | "a " |  2 | 0.00425248
   94 | "of" |  2 | 0.00421641
   95 | "al" |  2 | 0.00418726
   96 | ".
" |  2 | 0.0040408
   97 | " l" |  2 | 0.00383521
   98 | "ll" |  2 | 0.00360595
   99 | " g" |  2 | 0.00357432
  100 | "de" |  2 | 0.00349018
  101 | "be" |  2 | 0.00338289
  102 | "h " |  2 | 0.003368
  103 | "ut" |  2 | 0.00335239
  104 | "co" |  2 | 0.0033465
  105 | "et" |  2 | 0.00333338
  106 | "li" |  2 | 0.00330836
  107 | " r" |  2 | 0.00327136
  108 | "id" |  2 | 0.00321017
  109 | "ad" |  2 | 0.00315363
  110 | "T"  |  1 | 0.00313605
  111 | " e" |  2 | 0.00310856
  112 | "we" |  2 | 0.0030822
  113 | "
“" |  2 | 0.00306577
  114 | "ri" |  2 | 0.00303744
  115 | "ta" |  2 | 0.00300892
  116 | "ow" |  2 | 0.00300685
  117 | "l " |  2 | 0.00298866
  118 | "el" |  2 | 0.00298308
  119 | "ai" |  2 | 0.00289914
  120 | "ac" |  2 | 0.00288478
  121 | "ee" |  2 | 0.00288095
  122 | "ke" |  2 | 0.00284467
  123 | "sh" |  2 | 0.0027809
  124 | "om" |  2 | 0.00277666
  125 | "ld" |  2 | 0.00267464
  126 | "ur" |  2 | 0.00266368
  127 | "ot" |  2 | 0.0026152
  128 | "lo" |  2 | 0.00261076
  129 | "ho" |  2 | 0.00259639
  130 | "ul" |  2 | 0.00257624
  131 | "ch" |  2 | 0.00255804
  132 | "pe" |  2 | 0.00254822
  133 | "d." |  2 | 0.00254791
  134 | "ge" |  2 | 0.00254285
  135 | "ra" |  2 | 0.00253675
  136 | "ce" |  2 | 0.00253468
  137 | "”
" |  2 | 0.00253117
  138 | "us" |  2 | 0.00250853
  139 | "un" |  2 | 0.0024246
  140 | "ma" |  2 | 0.00241602
  141 | "di" |  2 | 0.00238842
  142 | "e." |  2 | 0.00236785
  143 | "fo" |  2 | 0.00236
  144 | "oo" |  2 | 0.0023446
  145 | "m " |  2 | 0.00233302
  146 | "no" |  2 | 0.00232434
  147 | "gh" |  2 | 0.00229219
  148 | "il" |  2 | 0.00228527
  149 | "ca" |  2 | 0.00226997
  150 | " n" |  2 | 0.00226842
  151 | "si" |  2 | 0.00226635
  152 | "n’" |  2 | 0.00225023
  153 | "wi" |  2 | 0.00224123
  154 | "yo" |  2 | 0.00219886
  155 | "la" |  2 | 0.00218459
  156 | "Th" |  2 | 0.00216805
  157 | " y" |  2 | 0.00216733
  158 | "ck" |  2 | 0.00215968
  159 | "sa" |  2 | 0.00211658
  160 | "’t" |  2 | 0.00210025
  161 | "do" |  2 | 0.00205828
  162 | "e," |  2 | 0.00203141
  163 | "S"  |  1 | 0.00199233
  164 | "rs" |  2 | 0.00198376
  165 | "ly" |  2 | 0.00197394
  166 | "io" |  2 | 0.00197104
  167 | " u" |  2 | 0.00195647
  168 | "ay" |  2 | 0.00195233
  169 | "ec" |  2 | 0.00194406
  170 | "k " |  2 | 0.00191254
  171 | "tt" |  2 | 0.00190923
  172 | "so" |  2 | 0.00187925
  173 | "s." |  2 | 0.0018776
  174 | " T" |  2 | 0.00187677
  175 | "mo" |  2 | 0.00186158
  176 | ".”" |  2 | 0.00185362
  177 | "im" |  2 | 0.00185321
  178 | "wo" |  2 | 0.00184091
  179 | "wh" |  2 | 0.00180669
  180 | "ss" |  2 | 0.00180411
  181 | "ns" |  2 | 0.00179749
  182 | "” " |  2 | 0.00179677
  183 | "ir" |  2 | 0.00177145
  184 | "ic" |  2 | 0.00173641
  185 | "d," |  2 | 0.00172028
  186 | "s," |  2 | 0.00170653
  187 | "’s" |  2 | 0.00170168
  188 | "tr" |  2 | 0.0016962
  189 | "em" |  2 | 0.00168938
  190 | "po" |  2 | 0.00166839
  191 | "ig" |  2 | 0.00164338
  192 | "ug" |  2 | 0.00158394
  193 | "my" |  2 | 0.00158002
  194 | "t." |  2 | 0.00157433
  195 | "ct" |  2 | 0.0015734
  196 | "bu" |  2 | 0.00156007
  197 | "?"  |  1 | 0.00154012
  198 | "ie" |  2 | 0.00153815
  199 | "rt" |  2 | 0.00148255
  200 | "u " |  2 | 0.00147221
  201 | "w " |  2 | 0.00144327
  202 | "os" |  2 | 0.0014413
  203 | "A"  |  1 | 0.00144068
  204 | "ol" |  2 | 0.00142942
  205 | "fi" |  2 | 0.00142621
  206 | "ht" |  2 | 0.00140792
  207 | "pa" |  2 | 0.00138631
  208 | "H"  |  1 | 0.00138259
  209 | "ey" |  2 | 0.00136657
  210 | "op" |  2 | 0.0013645
  211 | ",”" |  2 | 0.00133122
  212 | "fe" |  2 | 0.00132492
  213 | "av" |  2 | 0.00131644
  214 | "bl" |  2 | 0.00131551
  215 | "p " |  2 | 0.00131241
  216 | " “" |  2 | 0.00130414
  217 | "W"  |  1 | 0.00130269
  218 | "pl" |  2 | 0.00129411
  219 | "go" |  2 | 0.00128677
  220 | "ki" |  2 | 0.00127778
  221 | "t," |  2 | 0.00127447
  222 | "nc" |  2 | 0.00127137
  223 | " S" |  2 | 0.00126962
  224 | "ag" |  2 | 0.00126062
  225 | "mi" |  2 | 0.00124936
  226 | "ev" |  2 | 0.00123282
  227 | "ap" |  2 | 0.00121731
  228 | "am" |  2 | 0.00121401
  229 | "rd" |  2 | 0.0012045
  230 | "B"  |  1 | 0.00120357
  231 | "up" |  2 | 0.00118176
  232 | "bo" |  2 | 0.0011739
  233 | "oi" |  2 | 0.00116543
  234 | "fr" |  2 | 0.00115881
  235 | "ba" |  2 | 0.00115695
  236 | " k" |  2 | 0.00115147
  237 | "ab" |  2 | 0.00114909
  238 | "pr" |  2 | 0.00113545
  239 | "tu" |  2 | 0.00111674
  240 | "e’" |  2 | 0.00109462
  241 | "ry" |  2 | 0.00108873
  242 | "if" |  2 | 0.0010695
  243 | "pp" |  2 | 0.0010632
  244 | "su" |  2 | 0.00105917
  245 | "ni" |  2 | 0.00105834
  246 | "ts" |  2 | 0.00105741
  247 | "ok" |  2 | 0.00105741
  248 | "ov" |  2 | 0.00103136
  249 | "od" |  2 | 0.00102919
  250 | "tl" |  2 | 0.00101875
  251 | "r." |  2 | 0.00101689
  252 | "sp" |  2 | 0.00101565
  253 | "vi" |  2 | 0.00100221
  254 | "He" |  2 | 0.000979681
  255 | "ak" |  2 | 0.000969448
  256 | "dn" |  2 | 0.000967277
  257 | "x"  |  1 | 0.00096645
  258 | "ru" |  2 | 0.000955287
  259 | "I’" |  2 | 0.000951876
  260 | "n." |  2 | 0.000941126
  261 | "ep" |  2 | 0.000933581
  262 | "M"  |  1 | 0.00093017
  263 | "ef" |  2 | 0.000917249
  264 | "iv" |  2 | 0.000910634
  265 | "gr" |  2 | 0.0009096
  266 | "r," |  2 | 0.000900814
  267 | "Sh" |  2 | 0.000877661
  268 | "’d" |  2 | 0.000876937
  269 | "ia" |  2 | 0.00087611
  270 | "ds" |  2 | 0.000871562
  271 | " A" |  2 | 0.000871046
  272 | "ff" |  2 | 0.000868875
  273 | "C"  |  1 | 0.000867635
  274 | "fa" |  2 | 0.000864224
  275 | "“I" |  2 | 0.000858849
  276 | " H" |  2 | 0.000852337
  277 | " B" |  2 | 0.000849856
  278 | "n," |  2 | 0.000839106
  279 | "?”" |  2 | 0.000838589
  280 | "na" |  2 | 0.000837246
  281 | "uc" |  2 | 0.000827116
  282 | "
I" |  2 | 0.000822775
  283 | "rm" |  2 | 0.000820914
  284 | "cr" |  2 | 0.000816366
  285 | "y." |  2 | 0.000809027
  286 | "ei" |  2 | 0.000804376
  287 | "ga" |  2 | 0.000795694
  288 | "N"  |  1 | 0.000788251
  289 | "cl" |  2 | 0.000787735
  290 | "ty" |  2 | 0.000787011
  291 | "gs" |  2 | 0.000778432
  292 | "pi" |  2 | 0.000771196
  293 | "j"  |  1 | 0.000760033
  294 | "y," |  2 | 0.000752591
  295 | "-"  |  1 | 0.000751764
  296 | " v" |  2 | 0.000744529
  297 | "ci" |  2 | 0.000740394
  298 | "hr" |  2 | 0.000733055
  299 | "mp" |  2 | 0.000729644
  300 | "da" |  2 | 0.000723752
  301 | "It" |  2 | 0.000723236
  302 | "ex" |  2 | 0.000712382
  303 | "Y"  |  1 | 0.000708558
  304 | "rr" |  2 | 0.000706697
  305 | "oc" |  2 | 0.000702976
  306 | " W" |  2 | 0.000693364
  307 | "aw" |  2 | 0.000689849
  308 | "ny" |  2 | 0.000689332
  309 | "
T" |  2 | 0.000684991
  310 | "wn" |  2 | 0.000682097
  311 | "rn" |  2 | 0.000663905
  312 | "kn" |  2 | 0.000661011
  313 | "gi" |  2 | 0.000656463
  314 | "sc" |  2 | 0.000654705
  315 | "D"  |  1 | 0.000653258
  316 | "ue" |  2 | 0.000643439
  317 | "au" |  2 | 0.000641165
  318 | "t’" |  2 | 0.000632069
  319 | "um" |  2 | 0.000629898
  320 | " M" |  2 | 0.000627004
  321 | "ik" |  2 | 0.000621526
  322 | " C" |  2 | 0.000620285
  323 | "ui" |  2 | 0.000619769
  324 | "br" |  2 | 0.000609846
  325 | "sk" |  2 | 0.000605814
  326 | "dr" |  2 | 0.000605608
  327 | "G"  |  1 | 0.000597339
  328 | "g." |  2 | 0.000587933
  329 | "ft" |  2 | 0.000586382
  330 | "eo" |  2 | 0.000582971
  331 | "ew" |  2 | 0.00057956
  332 | "sn" |  2 | 0.000574702
  333 | "nk" |  2 | 0.000571808
  334 | " j" |  2 | 0.000569741
  335 | "pu" |  2 | 0.000566123
  336 | "No" |  2 | 0.000558371
  337 | "cu" |  2 | 0.00055744
  338 | "L"  |  1 | 0.00055651
  339 | "fl" |  2 | 0.000548654
  340 | "ye" |  2 | 0.000547104
  341 | "Yo" |  2 | 0.000547104
  342 | "lf" |  2 | 0.00054452
  343 | "gu" |  2 | 0.000539558
  344 | "P"  |  1 | 0.00053408
  345 | "g," |  2 | 0.000524467
  346 | "E"  |  1 | 0.00052333
  347 | "? " |  2 | 0.000517025
  348 | "mu" |  2 | 0.000513717
  349 | "eg" |  2 | 0.000510927
  350 | "We" |  2 | 0.000505655
  351 | "ls" |  2 | 0.000502968
  352 | "ys" |  2 | 0.000499247
  353 | "mb" |  2 | 0.000498213
  354 | "rl" |  2 | 0.000495215
  355 | "z"  |  1 | 0.000491184
  356 | "bi" |  2 | 0.000490254
  357 | "tw" |  2 | 0.000489737
  358 | "rk" |  2 | 0.000489324
  359 | "lt" |  2 | 0.000486533
  360 | "R"  |  1 | 0.000484672
  361 | "’r" |  2 | 0.000482502
  362 | "“T" |  2 | 0.000480124
  363 | "hu" |  2 | 0.000474749
  364 | "O"  |  1 | 0.000472889
  365 | "q"  |  1 | 0.000472062
  366 | "qu" |  2 | 0.000471442
  367 | "m." |  2 | 0.000469995
  368 | "fu" |  2 | 0.000468134
  369 | "tc" |  2 | 0.000458418
  370 | " N" |  2 | 0.000450562
  371 | "Wh" |  2 | 0.000450356
  372 | "dy" |  2 | 0.000444257
  373 | " D" |  2 | 0.000436401
  374 | "ju" |  2 | 0.000430613
  375 | " G" |  2 | 0.000423068
  376 | "ip" |  2 | 0.000418416
  377 | "ms" |  2 | 0.000416762
  378 | "“W" |  2 | 0.000415109
  379 | "gl" |  2 | 0.000415109
  380 | "u’" |  2 | 0.000412628
  381 | "by" |  2 | 0.000409837
  382 | "rc" |  2 | 0.000408493
  383 | "nn" |  2 | 0.00040839
  384 | "Ta" |  2 | 0.000407666
  385 | "“Y" |  2 | 0.000407149
  386 | "F"  |  1 | 0.000406012
  387 | "sl" |  2 | 0.000405186
  388 | "og" |  2 | 0.000404669
  389 | "lu" |  2 | 0.000397743
  390 | " L" |  2 | 0.000397433
  391 | "ua" |  2 | 0.000396813
  392 | "nl" |  2 | 0.000395573
  393 | "yi" |  2 | 0.000395056
  394 | "’m" |  2 | 0.000394539
  395 | "m," |  2 | 0.000386683
  396 | "sm" |  2 | 0.000381412
  397 | "oa" |  2 | 0.000379551
  398 | "rg" |  2 | 0.000379448
  399 | "lk" |  2 | 0.000378828
  400 | "l," |  2 | 0.000377587
  401 | "
S" |  2 | 0.000377484
  402 | " E" |  2 | 0.000373763
  403 | "h." |  2 | 0.000368078
  404 | "ob" |  2 | 0.000366941
  405 | "l." |  2 | 0.000365391
  406 | " P" |  2 | 0.000364357
  407 | "pt" |  2 | 0.000358052
  408 | "h," |  2 | 0.000345855
  409 | "An" |  2 | 0.000345648
  410 | "
H" |  2 | 0.000344511
  411 | "ks" |  2 | 0.0003411
  412 | "af" |  2 | 0.000332934
  413 | "sw" |  2 | 0.000331384
  414 | "va" |  2 | 0.000326319
  415 | "oe" |  2 | 0.000325699
  416 | "A " |  2 | 0.000321978
  417 | "Ma" |  2 | 0.000320841
  418 | "…"  |  1 | 0.000320324
  419 | "gg" |  2 | 0.00031805
  420 | "vo" |  2 | 0.0003165
  421 | "dd" |  2 | 0.000315879
  422 | "k." |  2 | 0.000309367
  423 | "mm" |  2 | 0.00030792
  424 | "ze" |  2 | 0.000299341
  425 | "nu" |  2 | 0.000295517
  426 | "ps" |  2 | 0.000295207
  427 | "Bu" |  2 | 0.000293656
  428 | "o." |  2 | 0.000293139
  429 | "k," |  2 | 0.000291692
  430 | "ud" |  2 | 0.000288385
  431 | "“S" |  2 | 0.000286214
  432 | "’l" |  2 | 0.000285904
  433 | " Y" |  2 | 0.000281563
  434 | "ib" |  2 | 0.000280426
  435 | " R" |  2 | 0.000280116
  436 | "nf" |  2 | 0.00027257
  437 | "“A" |  2 | 0.000269159
  438 | "Co" |  2 | 0.000265024
  439 | "ub" |  2 | 0.000261924
  440 | "o," |  2 | 0.000261717
  441 | "So" |  2 | 0.000261407
  442 | "
A" |  2 | 0.000260993
  443 | "e?" |  2 | 0.000260787
  444 | "J"  |  1 | 0.000258616
  445 | "iz" |  2 | 0.000256445
  446 | " O" |  2 | 0.000253448
  447 | ":"  |  1 | 0.000251691
  448 | "xp" |  2 | 0.000250347
  449 | "yt" |  2 | 0.000248176
  450 | "y’" |  2 | 0.000247659
  451 | "If" |  2 | 0.000245902
  452 | "ph" |  2 | 0.000244558
  453 | "Gr" |  2 | 0.000243008
  454 | "eh" |  2 | 0.000242284
  455 | " F" |  2 | 0.000240837
  456 | "p." |  2 | 0.000235669
  457 | "“N" |  2 | 0.000233292
  458 | "!"  |  1 | 0.000233085
  459 | "du" |  2 | 0.000232878
  460 | "K"  |  1 | 0.000232775
  461 | " q" |  2 | 0.000229984
  462 | "t?" |  2 | 0.000226677
  463 | "xt" |  2 | 0.000218407
  464 | "lp" |  2 | 0.000212102
  465 | "dl" |  2 | 0.000210345
  466 | "Le" |  2 | 0.000208174
  467 | "cc" |  2 | 0.000207451
  468 | "hy" |  2 | 0.000205177
  469 | "Do" |  2 | 0.000205177
  470 | "yb" |  2 | 0.000204867
  471 | "p," |  2 | 0.000203833
  472 | "’v" |  2 | 0.00020342
  473 | "My" |  2 | 0.000203213
  474 | "Re" |  2 | 0.000203213
  475 | "Br" |  2 | 0.000202489
  476 | "c " |  2 | 0.000201352
  477 | "w." |  2 | 0.000199905
  478 | "… " |  2 | 0.000198872
  479 | "Ca" |  2 | 0.000196288
  480 | "s?" |  2 | 0.000193083
  481 | "Be" |  2 | 0.000190086
  482 | ": " |  2 | 0.000187812
  483 | " J" |  2 | 0.000187708
  484 | "w," |  2 | 0.00018254
  485 | "
W" |  2 | 0.000180783
  486 | "ah" |  2 | 0.000177992
  487 | "Ch" |  2 | 0.000176959
  488 | "?
" |  2 | 0.000176545
  489 | "oy" |  2 | 0.000173341
  490 | "“H" |  2 | 0.000173031
  491 | "Al" |  2 | 0.000172514
  492 | "gn" |  2 | 0.00017117
  493 | "Ba" |  2 | 0.000169103
  494 | "rv" |  2 | 0.000167966
  495 | "f." |  2 | 0.000167346
  496 | "On" |  2 | 0.000166209
  497 | " K" |  2 | 0.000165382
  498 | "rw" |  2 | 0.000163418
  499 | "Mi" |  2 | 0.000162694
  500 | "St" |  2 | 0.000162178
  501 | "lm" |  2 | 0.000160214
  502 | "jo" |  2 | 0.0001598
  503 | "
B" |  2 | 0.00015732
  504 | "nv" |  2 | 0.000157113
  505 | "“B" |  2 | 0.000156389
  506 | "Wa" |  2 | 0.000155666
  507 | "Bi" |  2 | 0.000155252
  508 | "dg" |  2 | 0.000154425
  509 | "_"  |  1 | 0.000151014
  510 | "!”" |  2 | 0.000150498
  511 | "Si" |  2 | 0.000150394
  512 | "sy" |  2 | 0.000149774
  513 | "uf" |  2 | 0.000149361
  514 | "1"  |  1 | 0.00014874
  515 | "Tr" |  2 | 0.000147293
  516 | "
M" |  2 | 0.000146983
  517 | "wl" |  2 | 0.000145433
  518 | "U"  |  1 | 0.000143365
  519 | "In" |  2 | 0.000142849
  520 | "Ho" |  2 | 0.000140161
  521 | "Li" |  2 | 0.000139851
  522 | "rb" |  2 | 0.000139541
  523 | "ws" |  2 | 0.000137164
  524 | "Go" |  2 | 0.000136854
  525 | "wr" |  2 | 0.00013675
  526 | "ka" |  2 | 0.000136337
  527 | "r’" |  2 | 0.000136233
  528 | "“O" |  2 | 0.00013582
  529 | "V"  |  1 | 0.00013551
  530 | "Wi" |  2 | 0.000134579
  531 | "rp" |  2 | 0.000133753
  532 | "lv" |  2 | 0.000133236
  533 | "“D" |  2 | 0.000131995
  534 | "Te" |  2 | 0.000130652
  535 | "Di" |  2 | 0.000130548
  536 | "‘"  |  1 | 0.000129721
  537 | "uy" |  2 | 0.000129618
  538 | "bb" |  2 | 0.000128688
  539 | "f," |  2 | 0.000128274
  540 | "bs" |  2 | 0.00012414
  541 | " ‘" |  2 | 0.000123623
  542 | "Fo" |  2 | 0.00012352
  543 | "Ye" |  2 | 0.000122796
  544 | "Hi" |  2 | 0.000121452
  545 | "Pa" |  2 | 0.000120419
  546 | "As" |  2 | 0.000119798
  547 | "y?" |  2 | 0.000119798
  548 | "“M" |  2 | 0.000117938
  549 | "a," |  2 | 0.000117421
  550 | "
C" |  2 | 0.000116698
  551 | "Ra" |  2 | 0.000116594
  552 | "Ev" |  2 | 0.000116181
  553 | "Dr" |  2 | 0.000115044
  554 | "rf" |  2 | 0.000114424
  555 | "e-" |  2 | 0.00011432
  556 | "lr" |  2 | 0.000114113
  557 | "Pr" |  2 | 0.000114113
  558 | "Bo" |  2 | 0.000112976
  559 | "Sc" |  2 | 0.00011277
  560 | "b " |  2 | 0.000111219
  561 | "De" |  2 | 0.000110702
  562 | "xa" |  2 | 0.000110082
  563 | "Ja" |  2 | 0.000109979
  564 | "Im" |  2 | 0.000109462
  565 | "“C" |  2 | 0.000109152
  566 | "To" |  2 | 0.000108635
  567 | "eq" |  2 | 0.000106361
  568 | "Mo" |  2 | 0.000105844
  569 | "r?" |  2 | 0.000105431
  570 | "a." |  2 | 0.000104087
  571 | "Ni" |  2 | 0.000103777
  572 | "ix" |  2 | 0.000103467
  573 | "n?" |  2 | 0.00010326
  574 | "Lu" |  2 | 0.000102537
  575 | " U" |  2 | 0.000102123
  576 | "Ha" |  2 | 0.00010202
  577 | "xc" |  2 | 0.000100366
  578 | "d?" |  2 | 9.95392e-05
  579 | "u," |  2 | 9.80921e-05
  580 | "je" |  2 | 9.80921e-05
  581 | "“G" |  2 | 9.76787e-05
  582 | "u." |  2 | 9.71619e-05
  583 | "eb" |  2 | 9.69551e-05
  584 | "
N" |  2 | 9.50946e-05
  585 | "Ar" |  2 | 9.42677e-05
  586 | "-”" |  2 | 9.41643e-05
  587 | "Sk" |  2 | 9.41643e-05
  588 | "Ju" |  2 | 9.35441e-05
  589 | "x " |  2 | 9.30273e-05
  590 | "“F" |  2 | 9.29239e-05
  591 | "’ " |  2 | 9.24071e-05
  592 | "
 " |  2 | 8.87894e-05
  593 | "kl" |  2 | 8.66188e-05
  594 | "Ei" |  2 | 8.66188e-05
  595 | " V" |  2 | 8.62053e-05
  596 | "Or" |  2 | 8.47582e-05
  597 | "2"  |  1 | 8.40347e-05
  598 | "ky" |  2 | 8.31044e-05
  599 | "ek" |  2 | 8.31044e-05
  600 | "“L" |  2 | 8.1864e-05
  601 | "En" |  2 | 7.89698e-05
  602 | "Un" |  2 | 7.86598e-05
  603 | "-s" |  2 | 7.83497e-05
  604 | "rh" |  2 | 7.70059e-05
  605 | "yl" |  2 | 7.67992e-05
  606 | "Su" |  2 | 7.54555e-05
  607 | "t-" |  2 | 7.51454e-05
  608 | "Ne" |  2 | 7.5042e-05
  609 | "y-" |  2 | 7.25613e-05
  610 | "Vi" |  2 | 7.21478e-05
  611 | "
O" |  2 | 7.19411e-05
  612 | "Kr" |  2 | 7.17344e-05
  613 | "
E" |  2 | 7.09075e-05
  614 | "Am" |  2 | 7.05974e-05
  615 | "
L" |  2 | 7.02873e-05
  616 | "db" |  2 | 7.01839e-05
  617 | "
G" |  2 | 6.98738e-05
  618 | "g?" |  2 | 6.96671e-05
  619 | "Me" |  2 | 6.94604e-05
  620 | "
F" |  2 | 6.9357e-05
  621 | "hs" |  2 | 6.81167e-05
  622 | "ja" |  2 | 6.80133e-05
  623 | "xi" |  2 | 6.73931e-05
  624 | "“P" |  2 | 6.73931e-05
  625 | "Cl" |  2 | 6.68763e-05
  626 | "Sa" |  2 | 6.64628e-05
  627 | "az" |  2 | 6.64628e-05
  628 | "lw" |  2 | 6.5946e-05
  629 | "“R" |  2 | 6.51191e-05
  630 | "
P" |  2 | 6.49124e-05
  631 | "
R" |  2 | 6.4809e-05
  632 | "d’" |  2 | 6.44989e-05
  633 | "Ki" |  2 | 6.41888e-05
  634 | "PR" |  2 | 6.40855e-05
  635 | "
D" |  2 | 6.38787e-05
  636 | "Se" |  2 | 6.3672e-05
  637 | "gt" |  2 | 6.33619e-05
  638 | "! " |  2 | 6.32586e-05
  639 | "nj" |  2 | 6.29485e-05
  640 | "Gl" |  2 | 6.26384e-05
  641 | "-t" |  2 | 6.19148e-05
  642 | "RT" |  2 | 6.18115e-05
  643 | "Fa" |  2 | 6.15014e-05
  644 | "0"  |  1 | 6.11913e-05
  645 | "kw" |  2 | 6.07778e-05
  646 | "yw" |  2 | 5.95375e-05
  647 | "Cr" |  2 | 5.95375e-05
  648 | "“E" |  2 | 5.87106e-05
  649 | "bt" |  2 | 5.85038e-05
  650 | "zi" |  2 | 5.84005e-05
  651 | "Da" |  2 | 5.77803e-05
  652 | "At" |  2 | 5.77803e-05
  653 | "Fl" |  2 | 5.70567e-05
  654 | "Pe" |  2 | 5.66433e-05
  655 | "wd" |  2 | 5.65399e-05
  656 | "Tw" |  2 | 5.59197e-05
  657 | "Fi" |  2 | 5.58164e-05
  658 | "cy" |  2 | 5.58164e-05
  659 | "Ge" |  2 | 5.58164e-05
  660 | "dv" |  2 | 5.5713e-05
  661 | "gy" |  2 | 5.54029e-05
  662 | "l’" |  2 | 5.52996e-05
  663 | "sq" |  2 | 5.47827e-05
  664 | "–"  |  1 | 5.47827e-05
  665 | "a’" |  2 | 5.46794e-05
  666 | "Fu" |  2 | 5.40592e-05
  667 | "tm" |  2 | 5.37491e-05
  668 | " –" |  2 | 5.35424e-05
  669 | "– " |  2 | 5.35424e-05
  670 | "…”" |  2 | 5.32323e-05
  671 | "Pu" |  2 | 5.29222e-05
  672 | "Ok" |  2 | 5.29222e-05
  673 | "3"  |  1 | 5.27155e-05
  674 | "xe" |  2 | 5.26121e-05
  675 | "Em" |  2 | 5.25087e-05
  676 | "d-" |  2 | 5.2302e-05
  677 | "Ex" |  2 | 5.2302e-05
  678 | "n-" |  2 | 5.17852e-05
  679 | "f-" |  2 | 5.16818e-05
  680 | "Ri" |  2 | 5.15785e-05
  681 | "r-" |  2 | 5.14751e-05
  682 | "kt" |  2 | 5.1165e-05
  683 | "Ea" |  2 | 5.10617e-05
  684 | "T " |  2 | 5.07516e-05
  685 | "Lo" |  2 | 5.05448e-05
  686 | " 1" |  2 | 5.02347e-05
  687 | "mn" |  2 | 5.0028e-05
  688 | "yr" |  2 | 4.99247e-05
  689 | "kb" |  2 | 4.98213e-05
  690 | "py" |  2 | 4.98213e-05
  691 | "o?" |  2 | 4.97179e-05
  692 | "Wo" |  2 | 4.92011e-05
  693 | "dm" |  2 | 4.86843e-05
  694 | "La" |  2 | 4.85809e-05
  695 | "ym" |  2 | 4.85809e-05
  696 | "za" |  2 | 4.80641e-05
  697 | "s…" |  2 | 4.78574e-05
  698 | "s’" |  2 | 4.65137e-05
  699 | "5"  |  1 | 4.59968e-05
  700 | "iu" |  2 | 4.49632e-05
  701 | "Gi" |  2 | 4.48598e-05
  702 | "o’" |  2 | 4.47565e-05
  703 | "oz" |  2 | 4.44464e-05
  704 | "vy" |  2 | 4.42397e-05
  705 | "ox" |  2 | 4.38262e-05
  706 | "t…" |  2 | 4.36195e-05
  707 | "lb" |  2 | 4.33094e-05
  708 | "m?" |  2 | 4.31027e-05
  709 | " 2" |  2 | 4.26892e-05
  710 | "e…" |  2 | 4.21724e-05
  711 | "ku" |  2 | 4.2069e-05
  712 | "bj" |  2 | 4.19657e-05
  713 | "-f" |  2 | 4.19657e-05
  714 | "h’" |  2 | 4.18623e-05
  715 | "yp" |  2 | 4.14488e-05
  716 | "l?" |  2 | 4.11387e-05
  717 | "g’" |  2 | 4.11387e-05
  718 | "Cu" |  2 | 4.08287e-05
  719 | "t_" |  2 | 4.05186e-05
  720 | "Is" |  2 | 4.05186e-05
  721 | "c," |  2 | 4.05186e-05
  722 | "
K" |  2 | 4.04152e-05
  723 | "_S" |  2 | 4.04152e-05
  724 | "h?" |  2 | 3.95883e-05
  725 | "tn" |  2 | 3.93816e-05
  726 | "-c" |  2 | 3.93816e-05
  727 | "9"  |  1 | 3.88647e-05
  728 | "e!" |  2 | 3.8658e-05
  729 | "yc" |  2 | 3.85546e-05
  730 | "Po" |  2 | 3.72109e-05
  731 | "- " |  2 | 3.71076e-05
  732 | "Ac" |  2 | 3.71076e-05
  733 | "nm" |  2 | 3.69008e-05
  734 | "c." |  2 | 3.67975e-05
  735 | "Ka" |  2 | 3.66941e-05
  736 | "8"  |  1 | 3.66941e-05
  737 | "…
" |  2 | 3.65907e-05
  738 | "Je" |  2 | 3.59706e-05
  739 | "e_" |  2 | 3.57638e-05
  740 | "o-" |  2 | 3.50403e-05
  741 | "d_" |  2 | 3.44201e-05
  742 | "fy" |  2 | 3.43167e-05
  743 | "Sp" |  2 | 3.42134e-05
  744 | "ya" |  2 | 3.42134e-05
  745 | "dw" |  2 | 3.34898e-05
  746 | "hl" |  2 | 3.34898e-05
  747 | "
J" |  2 | 3.33865e-05
  748 | "u?" |  2 | 3.32831e-05
  749 | "ax" |  2 | 3.32831e-05
  750 | "cs" |  2 | 3.28696e-05
  751 | "6"  |  1 | 3.22495e-05
  752 | "i " |  2 | 3.21461e-05
  753 | "Sl" |  2 | 3.17326e-05
  754 | "dc" |  2 | 3.16293e-05
  755 | "l:" |  2 | 3.15259e-05
  756 | "Oh" |  2 | 3.15259e-05
  757 | "eu" |  2 | 3.13192e-05
  758 | "w?" |  2 | 3.12158e-05
  759 | "nh" |  2 | 3.12158e-05
  760 | "k?" |  2 | 3.11125e-05
  761 | "7"  |  1 | 3.11125e-05
  762 | "“J" |  2 | 3.10091e-05
  763 | "Fr" |  2 | 3.08024e-05
  764 | "aj" |  2 | 3.04923e-05
  765 | "
■" |  2 | 2.99755e-05
  766 | "4"  |  1 | 2.99755e-05
  767 | "■"  |  1 | 2.99755e-05
  768 | "Ot" |  2 | 2.97687e-05
  769 | "l-" |  2 | 2.97687e-05
  770 | "“
" |  2 | 2.9562e-05
  771 | "Mr" |  2 | 2.9562e-05
  772 | "■
" |  2 | 2.9562e-05
  773 | "Q"  |  1 | 2.88385e-05
  774 | "s-" |  2 | 2.87351e-05
  775 | "’." |  2 | 2.86317e-05
  776 | "rq" |  2 | 2.86317e-05
  777 | "lc" |  2 | 2.85284e-05
  778 | "-l" |  2 | 2.82183e-05
  779 | "tf" |  2 | 2.81149e-05
  780 | "Ou" |  2 | 2.80116e-05
  781 | "Ai" |  2 | 2.78048e-05
  782 | "Pl" |  2 | 2.77015e-05
  783 | ";"  |  1 | 2.74947e-05
  784 | "sf" |  2 | 2.71846e-05
  785 | "; " |  2 | 2.71846e-05
  786 | "-b" |  2 | 2.64611e-05
  787 | "Ke" |  2 | 2.64611e-05
  788 | "yd" |  2 | 2.63577e-05
  789 | "uk" |  2 | 2.62544e-05
  790 | "e
" |  2 | 2.60476e-05
  791 | "zz" |  2 | 2.60476e-05
  792 | "-d" |  2 | 2.58409e-05
  793 | "t!" |  2 | 2.58409e-05
  794 | "-o" |  2 | 2.57376e-05
  795 | "tb" |  2 | 2.54275e-05
  796 | "b." |  2 | 2.51174e-05
  797 | "mf" |  2 | 2.5014e-05
  798 | "-a" |  2 | 2.47039e-05
  799 | "_P" |  2 | 2.44972e-05
  800 | "Ag" |  2 | 2.40837e-05
  801 | "p?" |  2 | 2.39804e-05
  802 | "wt" |  2 | 2.39804e-05
  803 | "“U" |  2 | 2.3877e-05
  804 | "hb" |  2 | 2.3877e-05
  805 | ")"  |  1 | 2.37736e-05
  806 | "Pi" |  2 | 2.36703e-05
  807 | "np" |  2 | 2.35669e-05
  808 | "Ec" |  2 | 2.31535e-05
  809 | "Of" |  2 | 2.30501e-05
  810 | "s!" |  2 | 2.30501e-05
  811 | "Ci" |  2 | 2.29467e-05
  812 | ":
" |  2 | 2.28434e-05
  813 | "Bl" |  2 | 2.28434e-05
  814 | "("  |  1 | 2.274e-05
  815 | "b," |  2 | 2.25333e-05
  816 | "dj" |  2 | 2.24299e-05
  817 | "d:" |  2 | 2.23266e-05
  818 | "-h" |  2 | 2.22232e-05
  819 | "18" |  2 | 2.21198e-05
  820 | "Gu" |  2 | 2.20165e-05
  821 | "ez" |  2 | 2.17064e-05
  822 | "Ga" |  2 | 2.17064e-05
  823 | "Ve" |  2 | 2.14996e-05
  824 | "Nu" |  2 | 2.14996e-05
  825 | "gm" |  2 | 2.14996e-05
  826 | "g-" |  2 | 2.13963e-05
  827 | "“K" |  2 | 2.12929e-05
  828 | " z" |  2 | 2.11896e-05
  829 | "@"  |  1 | 2.08795e-05
  830 | "“…" |  2 | 2.05694e-05
  831 | "_M" |  2 | 2.0466e-05
  832 | "Af" |  2 | 2.0466e-05
  833 | "Va" |  2 | 2.0466e-05
  834 | "11" |  2 | 2.03626e-05
  835 | "Qu" |  2 | 2.02593e-05
  836 | "-m" |  2 | 2.02593e-05
  837 | "-p" |  2 | 2.01559e-05
  838 | "20" |  2 | 2.01559e-05
  839 | "1:" |  2 | 1.99492e-05
  840 | "]"  |  1 | 1.97425e-05
  841 | "["  |  1 | 1.97425e-05
  842 | "d…" |  2 | 1.96391e-05
  843 | "m’" |  2 | 1.96391e-05
  844 | "hn" |  2 | 1.96391e-05
  845 | "Fe" |  2 | 1.95357e-05
  846 | "k’" |  2 | 1.94324e-05
  847 | " (" |  2 | 1.94324e-05
  848 | "/"  |  1 | 1.94324e-05
  849 | "Ro" |  2 | 1.92256e-05
  850 | "oh" |  2 | 1.92256e-05
  851 | "nw" |  2 | 1.91223e-05
  852 | "-i" |  2 | 1.91223e-05
  853 | "El" |  2 | 1.91223e-05
  854 | "o!" |  2 | 1.86055e-05
  855 | "Mu" |  2 | 1.86055e-05
  856 | "h-" |  2 | 1.86055e-05
  857 | "Na" |  2 | 1.83987e-05
  858 | "’," |  2 | 1.83987e-05
  859 | "s:" |  2 | 1.82954e-05
  860 | "r…" |  2 | 1.8192e-05
  861 | "bv" |  2 | 1.80886e-05
  862 | "a?" |  2 | 1.79853e-05
  863 | "Us" |  2 | 1.77786e-05
  864 | "zy" |  2 | 1.76752e-05
  865 | "vu" |  2 | 1.76752e-05
  866 | "w’" |  2 | 1.76752e-05
  867 | "sb" |  2 | 1.75718e-05
  868 | "ln" |  2 | 1.75718e-05
  869 | "uz" |  2 | 1.75718e-05
  870 | "Hu" |  2 | 1.75718e-05
  871 | "Ph" |  2 | 1.75718e-05
  872 | "Ti" |  2 | 1.75718e-05
  873 | "►"  |  1 | 1.75718e-05
  874 | "] " |  2 | 1.74685e-05
  875 | "-e" |  2 | 1.72617e-05
  876 | "8 " |  2 | 1.72617e-05
  877 | "zo" |  2 | 1.72617e-05
  878 | "p:" |  2 | 1.71584e-05
  879 | "oj" |  2 | 1.7055e-05
  880 | "
[" |  2 | 1.7055e-05
  881 | "yn" |  2 | 1.7055e-05
  882 | "
Y" |  2 | 1.69516e-05
  883 | "y:" |  2 | 1.69516e-05
  884 | "I." |  2 | 1.69516e-05
  885 | "
V" |  2 | 1.68483e-05
  886 | "hm" |  2 | 1.68483e-05
  887 | "► " |  2 | 1.66416e-05
  888 | "A1" |  2 | 1.65382e-05
  889 | "Ol" |  2 | 1.65382e-05
  890 | "-
" |  2 | 1.63315e-05
  891 | "Ru" |  2 | 1.63315e-05
  892 | "d
" |  2 | 1.61247e-05
  893 | "r!" |  2 | 1.61247e-05
  894 | "By" |  2 | 1.61247e-05
  895 | "x." |  2 | 1.60214e-05
  896 | "-w" |  2 | 1.5918e-05
  897 | "s
" |  2 | 1.5918e-05
  898 | "m-" |  2 | 1.56079e-05
  899 | "gb" |  2 | 1.56079e-05
  900 | "-r" |  2 | 1.56079e-05
  901 | "[A" |  2 | 1.56079e-05
  902 | "ǎ"  |  1 | 1.56079e-05
  903 | "Ce" |  2 | 1.54012e-05
  904 | "n!" |  2 | 1.54012e-05
  905 | "nr" |  2 | 1.54012e-05
  906 | "_@" |  2 | 1.49877e-05
  907 | "e:" |  2 | 1.49877e-05
  908 | "_T" |  2 | 1.49877e-05
  909 | "@_" |  2 | 1.49877e-05
  910 | "Jo" |  2 | 1.48844e-05
  911 | "àn" |  2 | 1.4781e-05
  912 | "à"  |  1 | 1.4781e-05
  913 | "Ua" |  2 | 1.46776e-05
  914 | "uh" |  2 | 1.45743e-05
  915 | "wk" |  2 | 1.45743e-05
  916 | "Yà" |  2 | 1.44709e-05
  917 | "ǎn" |  2 | 1.44709e-05
  918 | "bǎ" |  2 | 1.44709e-05
  919 | "df" |  2 | 1.43676e-05
  920 | "w-" |  2 | 1.43676e-05
  921 | "BB" |  2 | 1.43676e-05
  922 | "AB" |  2 | 1.42642e-05
  923 | "n…" |  2 | 1.41608e-05
  924 | "y!" |  2 | 1.41608e-05
  925 | "01" |  2 | 1.41608e-05
  926 | "iq" |  2 | 1.40575e-05
  927 | "I-" |  2 | 1.39541e-05
  928 | "lh" |  2 | 1.38507e-05
  929 | "xh" |  2 | 1.38507e-05
  930 | "Au" |  2 | 1.37474e-05
  931 | "f?" |  2 | 1.37474e-05
  932 | "ml" |  2 | 1.37474e-05
  933 | "12" |  2 | 1.3644e-05
  934 | "k-" |  2 | 1.35406e-05
  935 | "ae" |  2 | 1.35406e-05
  936 | "-g" |  2 | 1.34373e-05
  937 | "tp" |  2 | 1.33339e-05
  938 | " 
" |  2 | 1.33339e-05
  939 | ")
" |  2 | 1.33339e-05
  940 | "ao" |  2 | 1.32305e-05
  941 | "hd" |  2 | 1.32305e-05
  942 | "wu" |  2 | 1.31272e-05
  943 | " …" |  2 | 1.31272e-05
  944 | "g…" |  2 | 1.30238e-05
  945 | "Ad" |  2 | 1.30238e-05
  946 | "
►" |  2 | 1.30238e-05
  947 | "t
" |  2 | 1.29205e-05
  948 | "I…" |  2 | 1.29205e-05
  949 | ".“" |  2 | 1.29205e-05
  950 | "dq" |  2 | 1.29205e-05
  951 | "uo" |  2 | 1.29205e-05
  952 | "fw" |  2 | 1.28171e-05
  953 | "nb" |  2 | 1.27137e-05
  954 | "2:" |  2 | 1.27137e-05
  955 | "p’" |  2 | 1.2507e-05
  956 | "x," |  2 | 1.2507e-05
  957 | "-“" |  2 | 1.24036e-05
  958 | " Q" |  2 | 1.23003e-05
  959 | "Ab" |  2 | 1.21969e-05
  960 | "kp" |  2 | 1.20935e-05
  961 | "17" |  2 | 1.20935e-05
  962 | "00" |  2 | 1.19902e-05
  963 | "f’" |  2 | 1.19902e-05
  964 | "wb" |  2 | 1.19902e-05
  965 | "-n" |  2 | 1.18868e-05
  966 | "‘s" |  2 | 1.16801e-05
  967 | ".I" |  2 | 1.15767e-05
  968 | "fs" |  2 | 1.15767e-05
  969 | "TV" |  2 | 1.137e-05
  970 | "Du" |  2 | 1.137e-05
  971 | "Ya" |  2 | 1.137e-05
  972 | "y…" |  2 | 1.137e-05
  973 | "-u" |  2 | 1.12666e-05
  974 | "Ah" |  2 | 1.12666e-05
  975 | "n
" |  2 | 1.12666e-05
  976 | "“V" |  2 | 1.11633e-05
  977 | "k!" |  2 | 1.10599e-05
  978 | "x-" |  2 | 1.10599e-05
  979 | "B " |  2 | 1.08532e-05
  980 | "Kn" |  2 | 1.07498e-05
  981 | "pm" |  2 | 1.07498e-05
  982 | "A." |  2 | 1.07498e-05
  983 | " 3" |  2 | 1.06465e-05
  984 | "
U" |  2 | 1.06465e-05
  985 | "r:" |  2 | 1.05431e-05
  986 | "Ae" |  2 | 1.05431e-05
  987 | "Az" |  2 | 1.04397e-05
  988 | "kg" |  2 | 1.03364e-05
  989 | "uv" |  2 | 1.0233e-05
  990 | "d!" |  2 | 1.01296e-05
  991 | "Ap" |  2 | 1.01296e-05
  992 | "• " |  2 | 9.92291e-06
  993 | "r
" |  2 | 9.92291e-06
  994 | "nM" |  2 | 9.92291e-06
  995 | "•"  |  1 | 9.92291e-06
  996 | "Um" |  2 | 9.81955e-06
  997 | "
•" |  2 | 9.71619e-06
  998 | "m…" |  2 | 9.71619e-06
  999 | "_C" |  2 | 9.61282e-06
 1000 | "mr" |  2 | 9.50946e-06
 1001 | "n:" |  2 | 9.50946e-06
 1002 | "kr" |  2 | 9.40609e-06
 1003 | "lg" |  2 | 9.30273e-06
 1004 | "“-" |  2 | 9.30273e-06
 1005 | "o…" |  2 | 9.19937e-06
 1006 | "y
" |  2 | 8.99264e-06
 1007 | "Sm" |  2 | 8.99264e-06
 1008 | "sr" |  2 | 8.88928e-06
 1009 | "g:" |  2 | 8.78591e-06
 1010 | "a-" |  2 | 8.68255e-06
 1011 | "p!" |  2 | 8.68255e-06
 1012 | "!?" |  2 | 8.68255e-06
 1013 | "g
" |  2 | 8.57918e-06
 1014 | "Z"  |  1 | 8.57918e-06
 1015 | "hh" |  2 | 8.47582e-06
 1016 | "Sv" |  2 | 8.47582e-06
 1017 | "t:" |  2 | 8.47582e-06
 1018 | "nq" |  2 | 8.37246e-06
 1019 | "Tu" |  2 | 8.26909e-06
 1020 | "c’" |  2 | 8.26909e-06
 1021 | "Ku" |  2 | 8.26909e-06
 1022 | "kf" |  2 | 8.16573e-06
 1023 | "Ir" |  2 | 8.16573e-06
 1024 | "X"  |  1 | 8.16573e-06
 1025 | ",
" |  2 | 8.06237e-06
 1026 | "‘c" |  2 | 8.06237e-06
 1027 | "mt" |  2 | 8.06237e-06
 1028 | " 6" |  2 | 7.959e-06
 1029 | "wf" |  2 | 7.959e-06
 1030 | "yg" |  2 | 7.959e-06
 1031 | "Sw" |  2 | 7.959e-06
 1032 | "dt" |  2 | 7.959e-06
 1033 | "l…" |  2 | 7.959e-06
 1034 | "5:" |  2 | 7.85564e-06
 1035 | "wy" |  2 | 7.85564e-06
 1036 | "T." |  2 | 7.85564e-06
 1037 | "ej" |  2 | 7.64891e-06
 1038 | "19" |  2 | 7.64891e-06
 1039 | "g!" |  2 | 7.64891e-06
 1040 | "Üb" |  2 | 7.54555e-06
 1041 | "nx" |  2 | 7.54555e-06
 1042 | "f5" |  2 | 7.54555e-06
 1043 | " /" |  2 | 7.54555e-06
 1044 | "Ü"  |  1 | 7.54555e-06
 1045 | "n_" |  2 | 7.44218e-06
 1046 | ":1" |  2 | 7.33882e-06
 1047 | "1
" |  2 | 7.33882e-06
 1048 | "hw" |  2 | 7.33882e-06
 1049 | "Es" |  2 | 7.23546e-06
 1050 | "Y1" |  2 | 7.23546e-06
 1051 | "-z" |  2 | 7.23546e-06
 1052 | "s_" |  2 | 7.23546e-06
 1053 | "h!" |  2 | 7.13209e-06
 1054 | "h…" |  2 | 7.13209e-06
 1055 | "Sē" |  2 | 7.02873e-06
 1056 | "pw" |  2 | 7.02873e-06
 1057 | "13" |  2 | 7.02873e-06
 1058 | "ē"  |  1 | 7.02873e-06
 1059 | " Ü" |  2 | 6.92537e-06
 1060 | "_W" |  2 | 6.92537e-06
 1061 | "zl" |  2 | 6.92537e-06
 1062 | "Mm" |  2 | 6.92537e-06
 1063 | "
o" |  2 | 6.822e-06
 1064 | "I," |  2 | 6.822e-06
 1065 | "-E" |  2 | 6.822e-06
 1066 | "dh" |  2 | 6.71864e-06
 1067 | "l!" |  2 | 6.61527e-06
 1068 | ":0" |  2 | 6.61527e-06
 1069 | ":2" |  2 | 6.61527e-06
 1070 | "sg" |  2 | 6.61527e-06
 1071 | "ii" |  2 | 6.61527e-06
 1072 | ") " |  2 | 6.61527e-06
 1073 | "93" |  2 | 6.51191e-06
 1074 | "&"  |  1 | 6.51191e-06
 1075 | "14" |  2 | 6.40855e-06
 1076 | "!
" |  2 | 6.40855e-06
 1077 | "D." |  2 | 6.40855e-06
 1078 | "6t" |  2 | 6.40855e-06
 1079 | "*"  |  1 | 6.40855e-06
 1080 | "Kh" |  2 | 6.30518e-06
 1081 | "‘t" |  2 | 6.30518e-06
 1082 | "10" |  2 | 6.20182e-06
 1083 | "m!" |  2 | 6.20182e-06
 1084 | " Z" |  2 | 6.20182e-06
 1085 | "tz" |  2 | 6.09846e-06
 1086 | " -" |  2 | 6.09846e-06
 1087 | "Ov" |  2 | 6.09846e-06
 1088 | "Hm" |  2 | 6.09846e-06
 1089 | "71" |  2 | 6.09846e-06
 1090 | " 5" |  2 | 5.99509e-06
 1091 | "6." |  2 | 5.99509e-06
 1092 | "pd" |  2 | 5.99509e-06
 1093 | "’
" |  2 | 5.89173e-06
 1094 | "p-" |  2 | 5.78837e-06
 1095 | "V " |  2 | 5.78837e-06
 1096 | "
♦" |  2 | 5.78837e-06
 1097 | "♦ " |  2 | 5.78837e-06
 1098 | " &" |  2 | 5.78837e-06
 1099 | "yz" |  2 | 5.78837e-06
 1100 | "h:" |  2 | 5.78837e-06
 1101 | "♦"  |  1 | 5.78836e-06
 1102 | "Op" |  2 | 5.685e-06
 1103 | ".’" |  2 | 5.685e-06
 1104 | "yf" |  2 | 5.685e-06
 1105 | ":4" |  2 | 5.58164e-06
 1106 | "ko" |  2 | 5.58164e-06
 1107 | "mv" |  2 | 5.58164e-06
 1108 | "‘f" |  2 | 5.58164e-06
 1109 | "u!" |  2 | 5.58164e-06
 1110 | "5
" |  2 | 5.47827e-06
 1111 | "Od" |  2 | 5.47827e-06
 1112 | "z " |  2 | 5.37491e-06
 1113 | "m:" |  2 | 5.37491e-06
 1114 | ":5" |  2 | 5.27155e-06
 1115 | "3:" |  2 | 5.27155e-06
 1116 | "22" |  2 | 5.27155e-06
 1117 | "uu" |  2 | 5.16818e-06
 1118 | "C." |  2 | 5.16818e-06
 1119 | "Up" |  2 | 5.16818e-06
 1120 | "Sq" |  2 | 5.16818e-06
 1121 | "3
" |  2 | 5.16818e-06
 1122 | "S " |  2 | 5.16818e-06
 1123 | "“Q" |  2 | 5.16818e-06
 1124 | "‘p" |  2 | 5.16818e-06
 1125 | "h
" |  2 | 5.16818e-06
 1126 | "u-" |  2 | 5.06482e-06
 1127 | "Sn" |  2 | 5.06482e-06
 1128 | "5." |  2 | 5.06482e-06
 1129 | "b-" |  2 | 5.06482e-06
 1130 | ".1" |  2 | 5.06482e-06
 1131 | "k…" |  2 | 5.06482e-06
 1132 | "T," |  2 | 4.96146e-06
 1133 | "‘h" |  2 | 4.96146e-06
 1134 | "e;" |  2 | 4.96146e-06
 1135 | "I?" |  2 | 4.96146e-06
 1136 | ":3" |  2 | 4.96146e-06
 1137 | "c?" |  2 | 4.96146e-06
 1138 | "%"  |  1 | 4.96146e-06
 1139 | "i." |  2 | 4.85809e-06
 1140 | "aa" |  2 | 4.85809e-06
 1141 | "dp" |  2 | 4.85809e-06
 1142 | "& " |  2 | 4.75473e-06
 1143 | "‘b" |  2 | 4.75473e-06
 1144 | "i," |  2 | 4.75473e-06
 1145 | "16" |  2 | 4.75473e-06
 1146 | "td" |  2 | 4.65137e-06
 1147 | "1." |  2 | 4.65137e-06
 1148 | "2
" |  2 | 4.65137e-06
 1149 | " 4" |  2 | 4.65137e-06
 1150 | "Id" |  2 | 4.65137e-06
 1151 | "w!" |  2 | 4.548e-06
 1152 | "b’" |  2 | 4.548e-06
 1153 | " ►" |  2 | 4.548e-06
 1154 | "-A" |  2 | 4.548e-06
 1155 | "53" |  2 | 4.548e-06
 1156 | "sd" |  2 | 4.44464e-06
 1157 | " ’" |  2 | 4.44464e-06
 1158 | "D-" |  2 | 4.44464e-06
 1159 | "‘g" |  2 | 4.44464e-06
 1160 | "PH" |  2 | 4.44464e-06
 1161 | "
Q" |  2 | 4.44464e-06
 1162 | "4
" |  2 | 4.34127e-06
 1163 | "8." |  2 | 4.34127e-06
 1164 | "nz" |  2 | 4.34127e-06
 1165 | "B." |  2 | 4.34127e-06
 1166 | "gf" |  2 | 4.34127e-06
 1167 | "29" |  2 | 4.23791e-06
 1168 | "‘m" |  2 | 4.23791e-06
 1169 | "Ob" |  2 | 4.23791e-06
 1170 | "s;" |  2 | 4.23791e-06
 1171 | "-y" |  2 | 4.13455e-06
 1172 | "a…" |  2 | 4.13455e-06
 1173 | ".T" |  2 | 4.13455e-06
 1174 | "xy" |  2 | 4.13455e-06
 1175 | "/ " |  2 | 4.13455e-06
 1176 | "yx" |  2 | 4.13455e-06
 1177 | "o
" |  2 | 4.13455e-06
 1178 | "‘w" |  2 | 4.13455e-06
 1179 | "‘S" |  2 | 4.13455e-06
 1180 | "‘I" |  2 | 4.13455e-06
 1181 | "Vo" |  2 | 4.03118e-06
 1182 | "
1" |  2 | 4.03118e-06
 1183 | "ē " |  2 | 4.03118e-06
 1184 | "CD" |  2 | 4.03118e-06
 1185 | "bc" |  2 | 4.03118e-06
 1186 | "23" |  2 | 4.03118e-06
 1187 | "% " |  2 | 4.03118e-06
 1188 | "cq" |  2 | 4.03118e-06
 1189 | "Ms" |  2 | 4.03118e-06
 1190 | "k
" |  2 | 4.03118e-06
 1191 | "3 " |  2 | 3.92782e-06
 1192 | "i-" |  2 | 3.92782e-06
 1193 | "59" |  2 | 3.92782e-06
 1194 | "Ze" |  2 | 3.92782e-06
 1195 | ".5" |  2 | 3.92782e-06
 1196 | "2 " |  2 | 3.92782e-06
 1197 | "i’" |  2 | 3.92782e-06
 1198 | "ux" |  2 | 3.92782e-06
 1199 | "ih" |  2 | 3.92782e-06
 1200 | "pb" |  2 | 3.82446e-06
 1201 | "3." |  2 | 3.82446e-06
 1202 | "95" |  2 | 3.82446e-06
 1203 | "u…" |  2 | 3.82446e-06
 1204 | "’e" |  2 | 3.72109e-06
 1205 | "Aw" |  2 | 3.72109e-06
 1206 | "-6" |  2 | 3.72109e-06
 1207 | "w…" |  2 | 3.72109e-06
 1208 | "2." |  2 | 3.72109e-06
 1209 | "bm" |  2 | 3.72109e-06
 1210 | "‘C" |  2 | 3.72109e-06
 1211 | ".." |  2 | 3.72109e-06
 1212 | "2," |  2 | 3.72109e-06
 1213 | "U." |  2 | 3.72109e-06
 1214 | "6
" |  2 | 3.61773e-06
 1215 | "30" |  2 | 3.61773e-06
 1216 | ".U" |  2 | 3.61773e-06
 1217 | "Er" |  2 | 3.61773e-06
 1218 | "97" |  2 | 3.61773e-06
 1219 | "4." |  2 | 3.61773e-06
 1220 | "46" |  2 | 3.61773e-06
 1221 | "99" |  2 | 3.61773e-06
 1222 | ".4" |  2 | 3.51436e-06
 1223 | "69" |  2 | 3.51436e-06
 1224 | "9." |  2 | 3.51436e-06
 1225 | "7t" |  2 | 3.51436e-06
 1226 | "15" |  2 | 3.51436e-06
 1227 | "Gw" |  2 | 3.51436e-06
 1228 | "c:" |  2 | 3.51436e-06
 1229 | "79" |  2 | 3.51436e-06
 1230 | "Eg" |  2 | 3.51436e-06
 1231 | "‘l" |  2 | 3.411e-06
 1232 | "V." |  2 | 3.411e-06
 1233 | "v " |  2 | 3.411e-06
 1234 | "’?" |  2 | 3.411e-06
 1235 | "(A" |  2 | 3.411e-06
 1236 | "24" |  2 | 3.411e-06
 1237 | "bd" |  2 | 3.411e-06
 1238 | "‘a" |  2 | 3.411e-06
 1239 | "xu" |  2 | 3.411e-06
 1240 | "zg" |  2 | 3.411e-06
 1241 | "l
" |  2 | 3.411e-06
 1242 | "75" |  2 | 3.411e-06
 1243 | "Ey" |  2 | 3.30764e-06
 1244 | "f…" |  2 | 3.30764e-06
 1245 | "_J" |  2 | 3.30764e-06
 1246 | "‘d" |  2 | 3.30764e-06
 1247 | "_a" |  2 | 3.30764e-06
 1248 | ".2" |  2 | 3.30764e-06
 1249 | ".3" |  2 | 3.30764e-06
 1250 | "Ur" |  2 | 3.30764e-06
 1251 | "_i" |  2 | 3.30764e-06
 1252 | " 9" |  2 | 3.30764e-06
 1253 | "‘T" |  2 | 3.30764e-06
 1254 | "a_" |  2 | 3.30764e-06
 1255 | "Av" |  2 | 3.20427e-06
 1256 | "hk" |  2 | 3.20427e-06
 1257 | "HQ" |  2 | 3.20427e-06
 1258 | "0." |  2 | 3.20427e-06
 1259 | "Q1" |  2 | 3.20427e-06
 1260 | "’a" |  2 | 3.20427e-06
 1261 | "?“" |  2 | 3.20427e-06
 1262 | "T’" |  2 | 3.20427e-06
 1263 | "-k" |  2 | 3.20427e-06
 1264 | "R " |  2 | 3.10091e-06
 1265 | "3R" |  2 | 3.10091e-06
 1266 | " 7" |  2 | 3.10091e-06
 1267 | "a:" |  2 | 3.10091e-06
 1268 | "hp" |  2 | 3.10091e-06
 1269 | "8
" |  2 | 3.10091e-06
 1270 | "E7" |  2 | 2.99755e-06
 1271 | "Ps" |  2 | 2.99755e-06
 1272 | " *" |  2 | 2.99755e-06
 1273 | "gd" |  2 | 2.99755e-06
 1274 | "1," |  2 | 2.99755e-06
 1275 | "21" |  2 | 2.99755e-06
 1276 | "3E" |  2 | 2.99755e-06
 1277 | "26" |  2 | 2.99755e-06
 1278 | "7." |  2 | 2.99755e-06
 1279 | "3Q" |  2 | 2.99755e-06
 1280 | "a!" |  2 | 2.99755e-06
 1281 | ".6" |  2 | 2.99755e-06
 1282 | "
-" |  2 | 2.99755e-06
 1283 | "3H" |  2 | 2.99755e-06
 1284 | "H1" |  2 | 2.99755e-06
 1285 | "83" |  2 | 2.99755e-06
 1286 | "R9" |  2 | 2.99755e-06
 1287 | "d;" |  2 | 2.89418e-06
 1288 | "-q" |  2 | 2.89418e-06
 1289 | " X" |  2 | 2.89418e-06
 1290 | "‘e" |  2 | 2.89418e-06
 1291 | "u
" |  2 | 2.89418e-06
 1292 | "1 " |  2 | 2.89418e-06
 1293 | "5 " |  2 | 2.89418e-06
 1294 | "tg" |  2 | 2.89418e-06
 1295 | "-S" |  2 | 2.89418e-06
 1296 | "‘o" |  2 | 2.89418e-06
 1297 | "C-" |  2 | 2.89418e-06
 1298 | "x’" |  2 | 2.89418e-06
 1299 | "
‘" |  2 | 2.79082e-06
 1300 | "t;" |  2 | 2.79082e-06
 1301 | "D " |  2 | 2.79082e-06
 1302 | "
(" |  2 | 2.79082e-06
 1303 | "s)" |  2 | 2.79082e-06
 1304 | "ji" |  2 | 2.79082e-06
 1305 | "kd" |  2 | 2.79082e-06
 1306 | "b?" |  2 | 2.79082e-06
 1307 | "V," |  2 | 2.79082e-06
 1308 | "@ " |  2 | 2.68746e-06
 1309 | "m
" |  2 | 2.68746e-06
 1310 | "a
" |  2 | 2.68746e-06
 1311 | "B," |  2 | 2.68746e-06
 1312 | "p…" |  2 | 2.68746e-06
 1313 | "…I" |  2 | 2.68746e-06
 1314 | "8:" |  2 | 2.68746e-06
 1315 | "0t" |  2 | 2.68746e-06
 1316 | "f!" |  2 | 2.68746e-06
 1317 | "y)" |  2 | 2.68746e-06
 1318 | " 8" |  2 | 2.68746e-06
 1319 | "zu" |  2 | 2.68746e-06
 1320 | "-B" |  2 | 2.68746e-06
 1321 | "o:" |  2 | 2.68746e-06
 1322 | "Ny" |  2 | 2.68746e-06
 1323 | "#"  |  1 | 2.68746e-06
 1324 | "_r" |  2 | 2.58409e-06
 1325 | "hf" |  2 | 2.58409e-06
 1326 | "9:" |  2 | 2.58409e-06
 1327 | "A_" |  2 | 2.58409e-06
 1328 | "P." |  2 | 2.58409e-06
 1329 | "7
" |  2 | 2.58409e-06
 1330 | "rj" |  2 | 2.58409e-06
 1331 | "kh" |  2 | 2.58409e-06
 1332 | "e)" |  2 | 2.58409e-06
 1333 | "aq" |  2 | 2.58409e-06
 1334 | " [" |  2 | 2.58409e-06
 1335 | "Sy" |  2 | 2.58409e-06
 1336 | "é"  |  1 | 2.58409e-06
 1337 | "0 " |  2 | 2.48073e-06
 1338 | "-5" |  2 | 2.48073e-06
 1339 | "0]" |  2 | 2.48073e-06
 1340 | "Ko" |  2 | 2.48073e-06
 1341 | "
X" |  2 | 2.48073e-06
 1342 | "S." |  2 | 2.48073e-06
 1343 | "Ig" |  2 | 2.48073e-06
 1344 | "
@" |  2 | 2.48073e-06
 1345 | "="  |  1 | 2.48073e-06
 1346 | "r)" |  2 | 2.37736e-06
 1347 | "03" |  2 | 2.37736e-06
 1348 | "…t" |  2 | 2.37736e-06
 1349 | "O " |  2 | 2.37736e-06
 1350 | "E." |  2 | 2.37736e-06
 1351 | "R." |  2 | 2.37736e-06
 1352 | "25" |  2 | 2.37736e-06
 1353 | "3r" |  2 | 2.37736e-06
 1354 | " #" |  2 | 2.37736e-06
 1355 | "w
" |  2 | 2.37736e-06
 1356 | "‘P" |  2 | 2.37736e-06
 1357 | "í"  |  1 | 2.37736e-06
 1358 | "O." |  2 | 2.274e-06
 1359 | ".D" |  2 | 2.274e-06
 1360 | "mc" |  2 | 2.274e-06
 1361 | "0
" |  2 | 2.274e-06
 1362 | "6:" |  2 | 2.274e-06
 1363 | "A:" |  2 | 2.274e-06
 1364 | "‘B" |  2 | 2.274e-06
 1365 | "0-" |  2 | 2.274e-06
 1366 | "p
" |  2 | 2.274e-06
 1367 | "I
" |  2 | 2.274e-06
 1368 | "0%" |  2 | 2.274e-06
 1369 | "‘D" |  2 | 2.17064e-06
 1370 | ".," |  2 | 2.17064e-06
 1371 | "c-" |  2 | 2.17064e-06
 1372 | "3," |  2 | 2.17064e-06
 1373 | "‘u" |  2 | 2.17064e-06
 1374 | "(S" |  2 | 2.17064e-06
 1375 | "Zi" |  2 | 2.17064e-06
 1376 | "Uh" |  2 | 2.17064e-06
 1377 | "-v" |  2 | 2.17064e-06
 1378 | "xo" |  2 | 2.17064e-06
 1379 | "
t" |  2 | 2.17064e-06
 1380 | "
3" |  2 | 2.17064e-06
 1381 | "pf" |  2 | 2.17064e-06
 1382 | "f
" |  2 | 2.06727e-06
 1383 | "V5" |  2 | 2.06727e-06
 1384 | "?’" |  2 | 2.06727e-06
 1385 | "HO" |  2 | 2.06727e-06
 1386 | "9
" |  2 | 2.06727e-06
 1387 | "4:" |  2 | 2.06727e-06
 1388 | "‘r" |  2 | 2.06727e-06
 1389 | "hé" |  2 | 2.06727e-06
 1390 | "X2" |  2 | 2.06727e-06
 1391 | "Ed" |  2 | 2.06727e-06
 1392 | "5n" |  2 | 2.06727e-06
 1393 | "Ow" |  2 | 2.06727e-06
 1394 | ".7" |  2 | 2.06727e-06
 1395 | "-2" |  2 | 2.06727e-06
 1396 | "-0" |  2 | 2.06727e-06
 1397 | "1]" |  2 | 2.06727e-06
 1398 | "9V" |  2 | 2.06727e-06
 1399 | "‘A" |  2 | 1.96391e-06
 1400 | "Ep" |  2 | 1.96391e-06
 1401 | "v’" |  2 | 1.96391e-06
 1402 | "2n" |  2 | 1.96391e-06
 1403 | "US" |  2 | 1.96391e-06
 1404 | "r;" |  2 | 1.96391e-06
 1405 | "t/" |  2 | 1.96391e-06
 1406 | "50" |  2 | 1.96391e-06
 1407 | "T-" |  2 | 1.96391e-06
 1408 | " !" |  2 | 1.96391e-06
 1409 | "4 " |  2 | 1.96391e-06
 1410 | "‘v" |  2 | 1.96391e-06
 1411 | "(D" |  2 | 1.96391e-06
 1412 | ".8" |  2 | 1.96391e-06
 1413 | "28" |  2 | 1.86055e-06
 1414 | "6 " |  2 | 1.86055e-06
 1415 | "0:" |  2 | 1.86055e-06
 1416 | "Q " |  2 | 1.86055e-06
 1417 | "’c" |  2 | 1.86055e-06
 1418 | "9t" |  2 | 1.86055e-06
 1419 | "Ic" |  2 | 1.86055e-06
 1420 | "3A" |  2 | 1.86055e-06
 1421 | "08" |  2 | 1.86055e-06
 1422 | "P " |  2 | 1.86055e-06
 1423 | " ?" |  2 | 1.86055e-06
 1424 | "x?" |  2 | 1.86055e-06
 1425 | "‘n" |  2 | 1.86055e-06
 1426 | "-I" |  2 | 1.86055e-06
 1427 | "@T" |  2 | 1.75718e-06
 1428 | "i?" |  2 | 1.75718e-06
 1429 | "…a" |  2 | 1.75718e-06
 1430 | "40" |  2 | 1.75718e-06
 1431 | "_E" |  2 | 1.75718e-06
 1432 | "i:" |  2 | 1.75718e-06
 1433 | "Ty" |  2 | 1.75718e-06
 1434 | "u@" |  2 | 1.75718e-06
 1435 | "::" |  2 | 1.75718e-06
 1436 | "dz" |  2 | 1.75718e-06
 1437 | "3]" |  2 | 1.75718e-06
 1438 | "C " |  2 | 1.75718e-06
 1439 | "!’" |  2 | 1.75718e-06
 1440 | "-j" |  2 | 1.75718e-06
 1441 | ":u" |  2 | 1.75718e-06
 1442 | "T_" |  2 | 1.75718e-06
 1443 | "Wr" |  2 | 1.65382e-06
 1444 | "kk" |  2 | 1.65382e-06
 1445 | "-T" |  2 | 1.65382e-06
 1446 | "-1" |  2 | 1.65382e-06
 1447 | "27" |  2 | 1.65382e-06
 1448 | "…w" |  2 | 1.65382e-06
 1449 | "‘L" |  2 | 1.65382e-06
 1450 | "ID" |  2 | 1.65382e-06
 1451 | "‘R" |  2 | 1.65382e-06
 1452 | "7:" |  2 | 1.65382e-06
 1453 | "B-" |  2 | 1.65382e-06
 1454 | "5t" |  2 | 1.65382e-06
 1455 | "n;" |  2 | 1.65382e-06
 1456 | "5]" |  2 | 1.65382e-06
 1457 | "y;" |  2 | 1.65382e-06
 1458 | "4," |  2 | 1.65382e-06
 1459 | "4t" |  2 | 1.55046e-06
 1460 | ")." |  2 | 1.55046e-06
 1461 | "Eu" |  2 | 1.55046e-06
 1462 | "Xx" |  2 | 1.55046e-06
 1463 | "xV" |  2 | 1.55046e-06
 1464 | "==" |  2 | 1.55046e-06
 1465 | "Et" |  2 | 1.55046e-06
 1466 | "HA" |  2 | 1.55046e-06
 1467 | "‘E" |  2 | 1.55046e-06
 1468 | "5%" |  2 | 1.55046e-06
 1469 | "xX" |  2 | 1.55046e-06
 1470 | "(B" |  2 | 1.55046e-06
 1471 | "én" |  2 | 1.55046e-06
 1472 | "K." |  2 | 1.55046e-06
 1473 | "60" |  2 | 1.55046e-06
 1474 | "S-" |  2 | 1.55046e-06
 1475 | "M " |  2 | 1.55046e-06
 1476 | "Hy" |  2 | 1.55046e-06
 1477 | "ù"  |  1 | 1.55045e-06
 1478 | "‘W" |  2 | 1.44709e-06
 1479 | "Yù" |  2 | 1.44709e-06
 1480 | "rí" |  2 | 1.44709e-06
 1481 | "4]" |  2 | 1.44709e-06
 1482 | "8]" |  2 | 1.44709e-06
 1483 | "n/" |  2 | 1.44709e-06
 1484 | "7]" |  2 | 1.44709e-06
 1485 | " x" |  2 | 1.44709e-06
 1486 | "‘K" |  2 | 1.44709e-06
 1487 | "Ug" |  2 | 1.44709e-06
 1488 | "Py" |  2 | 1.44709e-06
 1489 | "09" |  2 | 1.44709e-06
 1490 | "H." |  2 | 1.44709e-06
 1491 | "6]" |  2 | 1.44709e-06
 1492 | "n)" |  2 | 1.44709e-06
 1493 | " ”" |  2 | 1.44709e-06
 1494 | "ww" |  2 | 1.44709e-06
 1495 | "W-" |  2 | 1.44709e-06
 1496 | "íg" |  2 | 1.44709e-06
 1497 | "(a" |  2 | 1.44709e-06
 1498 | "…s" |  2 | 1.44709e-06
 1499 | "07" |  2 | 1.44709e-06
 1500 | "NA" |  2 | 1.34373e-06
 1501 | "39" |  2 | 1.34373e-06
 1502 | "06" |  2 | 1.34373e-06
 1503 | "yy" |  2 | 1.34373e-06
 1504 | "Oc" |  2 | 1.34373e-06
 1505 | "
…" |  2 | 1.34373e-06
 1506 | "pn" |  2 | 1.34373e-06
 1507 | "04" |  2 | 1.34373e-06
 1508 | "CC" |  2 | 1.34373e-06
 1509 | "d)" |  2 | 1.34373e-06
 1510 | "45" |  2 | 1.34373e-06
 1511 | "gG" |  2 | 1.34373e-06
 1512 | "#1" |  2 | 1.34373e-06
 1513 | "/C" |  2 | 1.34373e-06
 1514 | "O’" |  2 | 1.34373e-06
 1515 | "9 " |  2 | 1.34373e-06
 1516 | "…A" |  2 | 1.34373e-06
 1517 | "-N" |  2 | 1.34373e-06
 1518 | "02" |  2 | 1.34373e-06
 1519 | "A," |  2 | 1.34373e-06
 1520 | "vl" |  2 | 1.34373e-06
 1521 | "‘N" |  2 | 1.34373e-06
 1522 | "kc" |  2 | 1.34373e-06
 1523 | "6," |  2 | 1.34373e-06
 1524 | "vs" |  2 | 1.34373e-06
 1525 | "yh" |  2 | 1.34373e-06
 1526 | "-C" |  2 | 1.34373e-06
 1527 | "8t" |  2 | 1.34373e-06
 1528 | "AS" |  2 | 1.34373e-06
 1529 | "98" |  2 | 1.34373e-06
 1530 | "Gs" |  2 | 1.34373e-06
 1531 | "z." |  2 | 1.34373e-06
 1532 | "_I" |  2 | 1.34373e-06
 1533 | "Oo" |  2 | 1.34373e-06
 1534 | "/
" |  2 | 1.34373e-06
 1535 | "‘H" |  2 | 1.24036e-06
 1536 | "Om" |  2 | 1.24036e-06
 1537 | "[O" |  2 | 1.24036e-06
 1538 | "M." |  2 | 1.24036e-06
 1539 | "1)" |  2 | 1.24036e-06
 1540 | "-7" |  2 | 1.24036e-06
 1541 | "II" |  2 | 1.24036e-06
 1542 | "ē’" |  2 | 1.24036e-06
 1543 | "*
" |  2 | 1.24036e-06
 1544 | "DN" |  2 | 1.24036e-06
 1545 | "SA" |  2 | 1.24036e-06
 1546 | "(P" |  2 | 1.24036e-06
 1547 | "RI" |  2 | 1.24036e-06
 1548 | "cn" |  2 | 1.24036e-06
 1549 | "J." |  2 | 1.24036e-06
 1550 | "Ji" |  2 | 1.24036e-06
 1551 | "km" |  2 | 1.24036e-06
 1552 | "66" |  2 | 1.24036e-06
 1553 | ")," |  2 | 1.24036e-06
 1554 | "1s" |  2 | 1.24036e-06
 1555 | "//" |  2 | 1.24036e-06
 1556 | ".9" |  2 | 1.24036e-06
 1557 | "vv" |  2 | 1.24036e-06
 1558 | "X " |  2 | 1.24036e-06
 1559 | "B’" |  2 | 1.24036e-06
 1560 | "IV" |  2 | 1.24036e-06
 1561 | "9]" |  2 | 1.24036e-06
 1562 | "51" |  2 | 1.137e-06
 1563 | "c!" |  2 | 1.137e-06
 1564 | "p;" |  2 | 1.137e-06
 1565 | "ij" |  2 | 1.137e-06
 1566 | "55" |  2 | 1.137e-06
 1567 | "-M" |  2 | 1.137e-06
 1568 | "EM" |  2 | 1.137e-06
 1569 | "32" |  2 | 1.137e-06
 1570 | "LI" |  2 | 1.137e-06
 1571 | "CP" |  2 | 1.137e-06
 1572 | "‘M" |  2 | 1.137e-06
 1573 | "s”" |  2 | 1.137e-06
 1574 | "A-" |  2 | 1.137e-06
 1575 | "ED" |  2 | 1.137e-06
 1576 | "-V" |  2 | 1.137e-06
 1577 | "-8" |  2 | 1.137e-06
 1578 | "‘x" |  2 | 1.137e-06
 1579 | "2]" |  2 | 1.137e-06
 1580 | "N." |  2 | 1.137e-06
 1581 | "AP" |  2 | 1.137e-06
 1582 | "…?" |  2 | 1.137e-06
 1583 | "/K" |  2 | 1.137e-06
 1584 | "‘O" |  2 | 1.137e-06
 1585 | "Ds" |  2 | 1.03364e-06
 1586 | "BW" |  2 | 1.03364e-06
 1587 | "“Z" |  2 | 1.03364e-06
 1588 | "‘k" |  2 | 1.03364e-06
 1589 | "(s" |  2 | 1.03364e-06
 1590 | "zv" |  2 | 1.03364e-06
 1591 | "AH" |  2 | 1.03364e-06
 1592 | "Yu" |  2 | 1.03364e-06
 1593 | "ER" |  2 | 1.03364e-06
 1594 | "s*" |  2 | 1.03364e-06
 1595 | "Ut" |  2 | 1.03364e-06
 1596 | "m;" |  2 | 1.03364e-06
 1597 | "Q." |  2 | 1.03364e-06
 1598 | "Mc" |  2 | 1.03364e-06
 1599 | "P’" |  2 | 1.03364e-06
 1600 | "-L" |  2 | 1.03364e-06
 1601 | "s/" |  2 | 1.03364e-06
 1602 | "_L" |  2 | 1.03364e-06
 1603 | "D," |  2 | 1.03364e-06
 1604 | "hq" |  2 | 1.03364e-06
 1605 | "90" |  2 | 1.03364e-06
 1606 | ".J" |  2 | 1.03364e-06
 1607 | ".O" |  2 | 1.03364e-06
 1608 | "Ib" |  2 | 1.03364e-06
 1609 | "(O" |  2 | 1.03364e-06
 1610 | "MP" |  2 | 1.03364e-06
 1611 | "e*" |  2 | 1.03364e-06
 1612 | "7 " |  2 | 1.03364e-06
 1613 | "DV" |  2 | 1.03364e-06
 1614 | "7-" |  2 | 1.03364e-06
 1615 | " ." |  2 | 1.03364e-06
 1616 | "e]" |  2 | 1.03364e-06
 1617 | "VD" |  2 | 1.03364e-06
 1618 | "41" |  2 | 1.03364e-06
 1619 | " @" |  2 | 1.03364e-06
 1620 | "pc" |  2 | 1.03364e-06
 1621 | "2)" |  2 | 1.03364e-06
 1622 | "!!" |  2 | 1.03364e-06
 1623 | "Ew" |  2 | 1.03364e-06
 1624 | "“t" |  2 | 1.03364e-06
 1625 | "fc" |  2 | 1.03364e-06
 1626 | "A…" |  2 | 1.03364e-06
 1627 | ">"  |  1 | 1.03364e-06
 1628 | "9," |  2 | 9.30273e-07
 1629 | "bn" |  2 | 9.30273e-07
 1630 | "ín" |  2 | 9.30273e-07
 1631 | "?!" |  2 | 9.30273e-07
 1632 | "ē," |  2 | 9.30273e-07
 1633 | "(V" |  2 | 9.30273e-07
 1634 | "N-" |  2 | 9.30273e-07
 1635 | "…“" |  2 | 9.30273e-07
 1636 | "D:" |  2 | 9.30273e-07
 1637 | "‘i" |  2 | 9.30273e-07
 1638 | "pg" |  2 | 9.30273e-07
 1639 | "R’" |  2 | 9.30273e-07
 1640 | "…o" |  2 | 9.30273e-07
 1641 | "Ky" |  2 | 9.30273e-07
 1642 | "-G" |  2 | 9.30273e-07
 1643 | "h;" |  2 | 9.30273e-07
 1644 | "-P" |  2 | 9.30273e-07
 1645 | "hc" |  2 | 9.30273e-07
 1646 | "34" |  2 | 9.30273e-07
 1647 | "31" |  2 | 9.30273e-07
 1648 | "C," |  2 | 9.30273e-07
 1649 | "y_" |  2 | 9.30273e-07
 1650 | "…S" |  2 | 9.30273e-07
 1651 | "48" |  2 | 9.30273e-07
 1652 | "'”" |  2 | 9.30273e-07
 1653 | "“‘" |  2 | 9.30273e-07
 1654 | " " |  2 | 9.30273e-07
 1655 | "‘y" |  2 | 9.30273e-07
 1656 | "0," |  2 | 9.30273e-07
 1657 | "z," |  2 | 9.30273e-07
 1658 | "]
" |  2 | 9.30273e-07
 1659 | "36" |  2 | 9.30273e-07
 1660 | "S," |  2 | 9.30273e-07
 1661 | "+"  |  1 | 9.30273e-07
 1662 | "'"  |  1 | 9.30273e-07
 1663 | "—"  |  1 | 9.30273e-07
 1664 | ""  |  1 | 9.30273e-07
 1665 | "BA" |  2 | 8.26909e-07
 1666 | "0s" |  2 | 8.26909e-07
 1667 | "Tǎ" |  2 | 8.26909e-07
 1668 | "xf" |  2 | 8.26909e-07
 1669 | "…r" |  2 | 8.26909e-07
 1670 | "‘V" |  2 | 8.26909e-07
 1671 | "Lí" |  2 | 8.26909e-07
 1672 | "-D" |  2 | 8.26909e-07
 1673 | "T:" |  2 | 8.26909e-07
 1674 | "E-" |  2 | 8.26909e-07
 1675 | "‘F" |  2 | 8.26909e-07
 1676 | "56" |  2 | 8.26909e-07
 1677 | "…Y" |  2 | 8.26909e-07
 1678 | "Ef" |  2 | 8.26909e-07
 1679 | "43" |  2 | 8.26909e-07
 1680 | "
2" |  2 | 8.26909e-07
 1681 | "-4" |  2 | 8.26909e-07
 1682 | "ōn" |  2 | 8.26909e-07
 1683 | "yu" |  2 | 8.26909e-07
 1684 | "mw" |  2 | 8.26909e-07
 1685 | "d/" |  2 | 8.26909e-07
 1686 | "42" |  2 | 8.26909e-07
 1687 | "G." |  2 | 8.26909e-07
 1688 | "“a" |  2 | 8.26909e-07
 1689 | "/o" |  2 | 8.26909e-07
 1690 | "nG" |  2 | 8.26909e-07
 1691 | "5," |  2 | 8.26909e-07
 1692 | "PS" |  2 | 8.26909e-07
 1693 | "ù " |  2 | 8.26909e-07
 1694 | "Zo" |  2 | 8.26909e-07
 1695 | "MR" |  2 | 8.26909e-07
 1696 | "
" |  2 | 8.26909e-07
 1697 | "GP" |  2 | 8.26909e-07
 1698 | "OP" |  2 | 8.26909e-07
 1699 | "t)" |  2 | 8.26909e-07
 1700 | "*h" |  2 | 8.26909e-07
 1701 | "X-" |  2 | 8.26909e-07
 1702 | "v." |  2 | 8.26909e-07
 1703 | "-W" |  2 | 8.26909e-07
 1704 | "O-" |  2 | 8.26909e-07
 1705 | "AT" |  2 | 8.26909e-07
 1706 | "fh" |  2 | 8.26909e-07
 1707 | "Eh" |  2 | 8.26909e-07
 1708 | "Tō" |  2 | 8.26909e-07
 1709 | "‘J" |  2 | 8.26909e-07
 1710 | "“i" |  2 | 8.26909e-07
 1711 | "96" |  2 | 8.26909e-07
 1712 | "ō"  |  1 | 8.26909e-07
 1713 | ".'" |  2 | 7.23546e-07
 1714 | "/D" |  2 | 7.23546e-07
 1715 | "…y" |  2 | 7.23546e-07
 1716 | "/w" |  2 | 7.23546e-07
 1717 | "c…" |  2 | 7.23546e-07
 1718 | "e0" |  2 | 7.23546e-07
 1719 | "R-" |  2 | 7.23546e-07
 1720 | "-O" |  2 | 7.23546e-07
 1721 | ".S" |  2 | 7.23546e-07
 1722 | "05" |  2 | 7.23546e-07
 1723 | ".P" |  2 | 7.23546e-07
 1724 | "…m" |  2 | 7.23546e-07
 1725 | " :" |  2 | 7.23546e-07
 1726 | "-R" |  2 | 7.23546e-07
 1727 | "…N" |  2 | 7.23546e-07
 1728 | "> " |  2 | 7.23546e-07
 1729 | "yj" |  2 | 7.23546e-07
 1730 | "g;" |  2 | 7.23546e-07
 1731 | "
Z" |  2 | 7.23546e-07
 1732 | "PM" |  2 | 7.23546e-07
 1733 | "‘G" |  2 | 7.23546e-07
 1734 | "+ " |  2 | 7.23546e-07
 1735 | "_O" |  2 | 7.23546e-07
 1736 | "*:" |  2 | 7.23546e-07
 1737 | "*N" |  2 | 7.23546e-07
 1738 | "…T" |  2 | 7.23546e-07
 1739 | "ē." |  2 | 7.23546e-07
 1740 | "0)" |  2 | 7.23546e-07
 1741 | "33" |  2 | 7.23546e-07
 1742 | "LE" |  2 | 7.23546e-07
 1743 | "L." |  2 | 7.23546e-07
 1744 | "l;" |  2 | 7.23546e-07
 1745 | "MI" |  2 | 7.23546e-07
 1746 | "52" |  2 | 7.23546e-07
 1747 | "S
" |  2 | 7.23546e-07
 1748 | "K " |  2 | 7.23546e-07
 1749 | "v," |  2 | 7.23546e-07
 1750 | "80" |  2 | 7.23546e-07
 1751 | "G:" |  2 | 7.23546e-07
 1752 | "Ek" |  2 | 7.23546e-07
 1753 | "…W" |  2 | 7.23546e-07
 1754 | "&a" |  2 | 7.23546e-07
 1755 | ".A" |  2 | 7.23546e-07
 1756 | "…n" |  2 | 7.23546e-07
 1757 | "’D" |  2 | 7.23546e-07
 1758 | "3)" |  2 | 7.23546e-07
 1759 | "Wy" |  2 | 7.23546e-07
 1760 | "
w" |  2 | 7.23546e-07
 1761 | "…M" |  2 | 7.23546e-07
 1762 | "zm" |  2 | 7.23546e-07
 1763 | "Tt" |  2 | 7.23546e-07
 1764 | "IE" |  2 | 7.23546e-07
 1765 | "IL" |  2 | 7.23546e-07
 1766 | "<"  |  1 | 7.23546e-07
 1767 | "Il" |  2 | 6.20182e-07
 1768 | "wc" |  2 | 6.20182e-07
 1769 | "ET" |  2 | 6.20182e-07
 1770 | "44" |  2 | 6.20182e-07
 1771 | "SB" |  2 | 6.20182e-07
 1772 | "78" |  2 | 6.20182e-07
 1773 | "f;" |  2 | 6.20182e-07
 1774 | "e/" |  2 | 6.20182e-07
 1775 | "CU" |  2 | 6.20182e-07
 1776 | "
h" |  2 | 6.20182e-07
 1777 | "hg" |  2 | 6.20182e-07
 1778 | "R," |  2 | 6.20182e-07
 1779 | "AN" |  2 | 6.20182e-07
 1780 | "…i" |  2 | 6.20182e-07
 1781 | "2-" |  2 | 6.20182e-07
 1782 | "Y-" |  2 | 6.20182e-07
 1783 | "/h" |  2 | 6.20182e-07
 1784 | "Y." |  2 | 6.20182e-07
 1785 | "sO" |  2 | 6.20182e-07
 1786 | "T?" |  2 | 6.20182e-07
 1787 | "47" |  2 | 6.20182e-07
 1788 | "F." |  2 | 6.20182e-07
 1789 | "
m" |  2 | 6.20182e-07
 1790 | "BR" |  2 | 6.20182e-07
 1791 | "c
" |  2 | 6.20182e-07
 1792 | "Y " |  2 | 6.20182e-07
 1793 | "…f" |  2 | 6.20182e-07
 1794 | "…B" |  2 | 6.20182e-07
 1795 | "e”" |  2 | 6.20182e-07
 1796 | "W " |  2 | 6.20182e-07
 1797 | "Za" |  2 | 6.20182e-07
 1798 | "fn" |  2 | 6.20182e-07
 1799 | "Ry" |  2 | 6.20182e-07
 1800 | "IA" |  2 | 6.20182e-07
 1801 | "C/" |  2 | 6.20182e-07
 1802 | "v-" |  2 | 6.20182e-07
 1803 | "91" |  2 | 6.20182e-07
 1804 | "* " |  2 | 6.20182e-07
 1805 | "A
" |  2 | 6.20182e-07
 1806 | "%." |  2 | 6.20182e-07
 1807 | "b
" |  2 | 6.20182e-07
 1808 | " +" |  2 | 6.20182e-07
 1809 | "-," |  2 | 6.20182e-07
 1810 | "/k" |  2 | 6.20182e-07
 1811 | "Ly" |  2 | 6.20182e-07
 1812 | "IN" |  2 | 6.20182e-07
 1813 | "58" |  2 | 6.20182e-07
 1814 | "AK" |  2 | 6.20182e-07
 1815 | "#2" |  2 | 6.20182e-07
 1816 | "Ee" |  2 | 6.20182e-07
 1817 | "ā"  |  1 | 6.20182e-07
 1818 | "_F" |  2 | 5.16818e-07
 1819 | "H-" |  2 | 5.16818e-07
 1820 | "wp" |  2 | 5.16818e-07
 1821 | "…g" |  2 | 5.16818e-07
 1822 | "_G" |  2 | 5.16818e-07
 1823 | "(f" |  2 | 5.16818e-07
 1824 | "b!" |  2 | 5.16818e-07
 1825 | "x…" |  2 | 5.16818e-07
 1826 | "TM" |  2 | 5.16818e-07
 1827 | ".G" |  2 | 5.16818e-07
 1828 | "ES" |  2 | 5.16818e-07
 1829 | "g_" |  2 | 5.16818e-07
 1830 | "CB" |  2 | 5.16818e-07
 1831 | "“w" |  2 | 5.16818e-07
 1832 | "mh" |  2 | 5.16818e-07
 1833 | "ǎ," |  2 | 5.16818e-07
 1834 | "zn" |  2 | 5.16818e-07
 1835 | "S’" |  2 | 5.16818e-07
 1836 | "KA" |  2 | 5.16818e-07
 1837 | "”W" |  2 | 5.16818e-07
 1838 | " ," |  2 | 5.16818e-07
 1839 | "A?" |  2 | 5.16818e-07
 1840 | "G-" |  2 | 5.16818e-07
 1841 | "IC" |  2 | 5.16818e-07
 1842 | "pk" |  2 | 5.16818e-07
 1843 | "DE" |  2 | 5.16818e-07
 1844 | ".R" |  2 | 5.16818e-07
 1845 | "oq" |  2 | 5.16818e-07
 1846 | "37" |  2 | 5.16818e-07
 1847 | ".0" |  2 | 5.16818e-07
 1848 | "(C" |  2 | 5.16818e-07
 1849 | "-H" |  2 | 5.16818e-07
 1850 | "“h" |  2 | 5.16818e-07
 1851 | "_K" |  2 | 5.16818e-07
 1852 | "67" |  2 | 5.16818e-07
 1853 | "Eq" |  2 | 5.16818e-07
 1854 | "gp" |  2 | 5.16818e-07
 1855 | "-9" |  2 | 5.16818e-07
 1856 | "I”" |  2 | 5.16818e-07
 1857 | "ù’" |  2 | 5.16818e-07
 1858 | "8," |  2 | 5.16818e-07
 1859 | "4)" |  2 | 5.16818e-07
 1860 | "Os" |  2 | 5.16818e-07
 1861 | "bw" |  2 | 5.16818e-07
 1862 | "57" |  2 | 5.16818e-07
 1863 | "SP" |  2 | 5.16818e-07
 1864 | "ND" |  2 | 5.16818e-07
 1865 | "
c" |  2 | 5.16818e-07
 1866 | " 0" |  2 | 5.16818e-07
 1867 | "…O" |  2 | 5.16818e-07
 1868 | "
5" |  2 | 5.16818e-07
 1869 | "TA" |  2 | 5.16818e-07
 1870 | "fb" |  2 | 5.16818e-07
 1871 | "d”" |  2 | 5.16818e-07
 1872 | "PA" |  2 | 5.16818e-07
 1873 | "OS" |  2 | 5.16818e-07
 1874 | "7)" |  2 | 5.16818e-07
 1875 | "E " |  2 | 5.16818e-07
 1876 | "gw" |  2 | 5.16818e-07
 1877 | "Nc" |  2 | 5.16818e-07
 1878 | "F-" |  2 | 5.16818e-07
 1879 | "IT" |  2 | 5.16818e-07
 1880 | "…c" |  2 | 5.16818e-07
 1881 | "
i" |  2 | 5.16818e-07
 1882 | "…b" |  2 | 5.16818e-07
 1883 | "bf" |  2 | 5.16818e-07
 1884 | "V?" |  2 | 5.16818e-07
 1885 | "1-" |  2 | 5.16818e-07
 1886 | "SD" |  2 | 5.16818e-07
 1887 | "Nt" |  2 | 5.16818e-07
 1888 | "!>" |  2 | 5.16818e-07
 1889 | "“ " |  2 | 5.16818e-07
 1890 | "i
" |  2 | 5.16818e-07
 1891 | "<W" |  2 | 5.16818e-07
 1892 | "-Y" |  2 | 5.16818e-07
 1893 | "Q’" |  2 | 5.16818e-07
 1894 | "cf" |  2 | 5.16818e-07
 1895 | ".?" |  2 | 5.16818e-07
 1896 | "…H" |  2 | 5.16818e-07
 1897 | "rz" |  2 | 5.16818e-07
 1898 | "
s" |  2 | 5.16818e-07
 1899 | "LL" |  2 | 5.16818e-07
 1900 | "/c" |  2 | 5.16818e-07
 1901 | "e‘" |  2 | 5.16818e-07
 1902 | "xl" |  2 | 5.16818e-07
 1903 | "’k" |  2 | 5.16818e-07
 1904 | "3D" |  2 | 4.13455e-07
 1905 | "t‘" |  2 | 4.13455e-07
 1906 | "F0" |  2 | 4.13455e-07
 1907 | "CI" |  2 | 4.13455e-07
 1908 | "89" |  2 | 4.13455e-07
 1909 | "**" |  2 | 4.13455e-07
 1910 | "■ " |  2 | 4.13455e-07
 1911 | "”," |  2 | 4.13455e-07
 1912 | "sj" |  2 | 4.13455e-07
 1913 | "é." |  2 | 4.13455e-07
 1914 | "w]" |  2 | 4.13455e-07
 1915 | "&/" |  2 | 4.13455e-07
 1916 | "’n" |  2 | 4.13455e-07
 1917 | ".E" |  2 | 4.13455e-07
 1918 | "74" |  2 | 4.13455e-07
 1919 | "(6" |  2 | 4.13455e-07
 1920 | "“s" |  2 | 4.13455e-07
 1921 | "SI" |  2 | 4.13455e-07
 1922 | "ǎ " |  2 | 4.13455e-07
 1923 | "7," |  2 | 4.13455e-07
 1924 | "‘j" |  2 | 4.13455e-07
 1925 | ",0" |  2 | 4.13455e-07
 1926 | "DM" |  2 | 4.13455e-07
 1927 | "3t" |  2 | 4.13455e-07
 1928 | "k:" |  2 | 4.13455e-07
 1929 | "/A" |  2 | 4.13455e-07
 1930 | "-." |  2 | 4.13455e-07
 1931 | "(m" |  2 | 4.13455e-07
 1932 | "mg" |  2 | 4.13455e-07
 1933 | "i!" |  2 | 4.13455e-07
 1934 | "5)" |  2 | 4.13455e-07
 1935 | "iP" |  2 | 4.13455e-07
 1936 | "k)" |  2 | 4.13455e-07
 1937 | "Pt" |  2 | 4.13455e-07
 1938 | " " |  2 | 4.13455e-07
 1939 | "d]" |  2 | 4.13455e-07
 1940 | ".)" |  2 | 4.13455e-07
 1941 | "W." |  2 | 4.13455e-07
 1942 | "UN" |  2 | 4.13455e-07
 1943 | "S9" |  2 | 4.13455e-07
 1944 | "X:" |  2 | 4.13455e-07
 1945 | "…e" |  2 | 4.13455e-07
 1946 | "92" |  2 | 4.13455e-07
 1947 | "RA" |  2 | 4.13455e-07
 1948 | "►B" |  2 | 4.13455e-07
 1949 | "XX" |  2 | 4.13455e-07
 1950 | "a)" |  2 | 4.13455e-07
 1951 | "AI" |  2 | 4.13455e-07
 1952 | "
a" |  2 | 4.13455e-07
 1953 | "x!" |  2 | 4.13455e-07
 1954 | "o)" |  2 | 4.13455e-07
 1955 | "RO" |  2 | 4.13455e-07
 1956 | "“f" |  2 | 4.13455e-07
 1957 | "——" |  2 | 4.13455e-07
 1958 | "hū" |  2 | 4.13455e-07
 1959 | "/e" |  2 | 4.13455e-07
 1960 | ".s" |  2 | 4.13455e-07
 1961 | "a;" |  2 | 4.13455e-07
 1962 | ")”" |  2 | 4.13455e-07
 1963 | "r4" |  2 | 4.13455e-07
 1964 | "
<" |  2 | 4.13455e-07
 1965 | "”m" |  2 | 4.13455e-07
 1966 | "CE" |  2 | 4.13455e-07
 1967 | "OR" |  2 | 4.13455e-07
 1968 | "wg" |  2 | 4.13455e-07
 1969 | "
Ü" |  2 | 4.13455e-07
 1970 | "VI" |  2 | 4.13455e-07
 1971 | "‘ " |  2 | 4.13455e-07
 1972 | "G " |  2 | 4.13455e-07
 1973 | "*n" |  2 | 4.13455e-07
 1974 | "]…" |  2 | 4.13455e-07
 1975 | "?-" |  2 | 4.13455e-07
 1976 | "=—" |  2 | 4.13455e-07
 1977 | "“o" |  2 | 4.13455e-07
 1978 | "UK" |  2 | 4.13455e-07
 1979 | "3s" |  2 | 4.13455e-07
 1980 | "/b" |  2 | 4.13455e-07
 1981 | "t”" |  2 | 4.13455e-07
 1982 | "y5" |  2 | 4.13455e-07
 1983 | "!“" |  2 | 4.13455e-07
 1984 | "dk" |  2 | 4.13455e-07
 1985 | "Q?" |  2 | 4.13455e-07
 1986 | "3-" |  2 | 4.13455e-07
 1987 | ".V" |  2 | 4.13455e-07
 1988 | "
4" |  2 | 4.13455e-07
 1989 | "h2" |  2 | 4.13455e-07
 1990 | "/s" |  2 | 4.13455e-07
 1991 | "N " |  2 | 4.13455e-07
 1992 | "/m" |  2 | 4.13455e-07
 1993 | "NO" |  2 | 4.13455e-07
 1994 | "OT" |  2 | 4.13455e-07
 1995 | "CT" |  2 | 4.13455e-07
 1996 | "HE" |  2 | 4.13455e-07
 1997 | "B?" |  2 | 4.13455e-07
 1998 | "73" |  2 | 4.13455e-07
 1999 | "r/" |  2 | 4.13455e-07
 2000 | "IB" |  2 | 4.13455e-07
 2001 | "TS" |  2 | 4.13455e-07
 2002 | "]:" |  2 | 4.13455e-07
 2003 | "AM" |  2 | 4.13455e-07
 2004 | "…h" |  2 | 4.13455e-07
 2005 | "35" |  2 | 4.13455e-07
 2006 | "61" |  2 | 4.13455e-07
 2007 | "—=" |  2 | 4.13455e-07
 2008 | "P," |  2 | 4.13455e-07
 2009 | "38" |  2 | 4.13455e-07
 2010 | ".‘" |  2 | 4.13455e-07
 2011 | "/p" |  2 | 4.13455e-07
 2012 | "f:" |  2 | 4.13455e-07
 2013 | "k;" |  2 | 4.13455e-07
 2014 | "/H" |  2 | 4.13455e-07
 2015 | "70" |  2 | 4.13455e-07
 2016 | "…P" |  2 | 4.13455e-07
 2017 | "w;" |  2 | 4.13455e-07
 2018 | "ān" |  2 | 4.13455e-07
 2019 | "FQ" |  2 | 4.13455e-07
 2020 | "♥"  |  1 | 4.13455e-07
 2021 | "á"  |  1 | 4.13455e-07
 2022 | "ū"  |  1 | 4.13455e-07
 2023 | ""  |  1 | 4.13455e-07
 2024 | "lz" |  2 | 3.10091e-07
 2025 | "DA" |  2 | 3.10091e-07
 2026 | "/t" |  2 | 3.10091e-07
 2027 | "‘
" |  2 | 3.10091e-07
 2028 | "F " |  2 | 3.10091e-07
 2029 | "é " |  2 | 3.10091e-07
 2030 | "TR" |  2 | 3.10091e-07
 2031 | "“b" |  2 | 3.10091e-07
 2032 | "NG" |  2 | 3.10091e-07
 2033 | "XI" |  2 | 3.10091e-07
 2034 | "n@" |  2 | 3.10091e-07
 2035 | "“p" |  2 | 3.10091e-07
 2036 | "m]" |  2 | 3.10091e-07
 2037 | "EO" |  2 | 3.10091e-07
 2038 | "CK" |  2 | 3.10091e-07
 2039 | "…," |  2 | 3.10091e-07
 2040 | "?)" |  2 | 3.10091e-07
 2041 | "6%" |  2 | 3.10091e-07
 2042 | "nB" |  2 | 3.10091e-07
 2043 | "EN" |  2 | 3.10091e-07
 2044 | "OO" |  2 | 3.10091e-07
 2045 | "
f" |  2 | 3.10091e-07
 2046 | "l_" |  2 | 3.10091e-07
 2047 | "r]" |  2 | 3.10091e-07
 2048 | "[e" |  2 | 3.10091e-07
 2049 | "IP" |  2 | 3.10091e-07
 2050 | ".n" |  2 | 3.10091e-07
 2051 | "L " |  2 | 3.10091e-07
 2052 | "y”" |  2 | 3.10091e-07
 2053 | "HT" |  2 | 3.10091e-07
 2054 | "->" |  2 | 3.10091e-07
 2055 | " =" |  2 | 3.10091e-07
 2056 | "g*" |  2 | 3.10091e-07
 2057 | "[C" |  2 | 3.10091e-07
 2058 | "eD" |  2 | 3.10091e-07
 2059 | "p”" |  2 | 3.10091e-07
 2060 | "1%" |  2 | 3.10091e-07
 2061 | "Vs" |  2 | 3.10091e-07
 2062 | "/S" |  2 | 3.10091e-07
 2063 | "JP" |  2 | 3.10091e-07
 2064 | ".M" |  2 | 3.10091e-07
 2065 | "Z-" |  2 | 3.10091e-07
 2066 | "L-" |  2 | 3.10091e-07
 2067 | "BX" |  2 | 3.10091e-07
 2068 | "w:" |  2 | 3.10091e-07
 2069 | "DD" |  2 | 3.10091e-07
 2070 | "[1" |  2 | 3.10091e-07
 2071 | "??" |  2 | 3.10091e-07
 2072 | "gC" |  2 | 3.10091e-07
 2073 | "ST" |  2 | 3.10091e-07
 2074 | ":B" |  2 | 3.10091e-07
 2075 | "(W" |  2 | 3.10091e-07
 2076 | "@:" |  2 | 3.10091e-07
 2077 | "A!" |  2 | 3.10091e-07
 2078 | "NS" |  2 | 3.10091e-07
 2079 | "h/" |  2 | 3.10091e-07
 2080 | "WC" |  2 | 3.10091e-07
 2081 | "AD" |  2 | 3.10091e-07
 2082 | "GI" |  2 | 3.10091e-07
 2083 | "e–" |  2 | 3.10091e-07
 2084 | "’-" |  2 | 3.10091e-07
 2085 | "65" |  2 | 3.10091e-07
 2086 | "CA" |  2 | 3.10091e-07
 2087 | "OW" |  2 | 3.10091e-07
 2088 | "J," |  2 | 3.10091e-07
 2089 | "E," |  2 | 3.10091e-07
 2090 | "…d" |  2 | 3.10091e-07
 2091 | "…." |  2 | 3.10091e-07
 2092 | "4-" |  2 | 3.10091e-07
 2093 | "):" |  2 | 3.10091e-07
 2094 | "qi" |  2 | 3.10091e-07
 2095 | "ök" |  2 | 3.10091e-07
 2096 | "iā" |  2 | 3.10091e-07
 2097 | "!)" |  2 | 3.10091e-07
 2098 | "M," |  2 | 3.10091e-07
 2099 | "y/" |  2 | 3.10091e-07
 2100 | "B:" |  2 | 3.10091e-07
 2101 | "
" |  2 | 3.10091e-07
 2102 | "E’" |  2 | 3.10091e-07
 2103 | "rö" |  2 | 3.10091e-07
 2104 | "nJ" |  2 | 3.10091e-07
 2105 | "K-" |  2 | 3.10091e-07
 2106 | "GE" |  2 | 3.10091e-07
 2107 | "NY" |  2 | 3.10091e-07
 2108 | "‘," |  2 | 3.10091e-07
 2109 | "
g" |  2 | 3.10091e-07
 2110 | "82" |  2 | 3.10091e-07
 2111 | "BE" |  2 | 3.10091e-07
 2112 | "
”" |  2 | 3.10091e-07
 2113 | "
–" |  2 | 3.10091e-07
 2114 | "(w" |  2 | 3.10091e-07
 2115 | "…l" |  2 | 3.10091e-07
 2116 | "‘Y" |  2 | 3.10091e-07
 2117 | "I_" |  2 | 3.10091e-07
 2118 | "L?" |  2 | 3.10091e-07
 2119 | "N’" |  2 | 3.10091e-07
 2120 | "T1" |  2 | 3.10091e-07
 2121 | "64" |  2 | 3.10091e-07
 2122 | "/M" |  2 | 3.10091e-07
 2123 | "FF" |  2 | 3.10091e-07
 2124 | "TH" |  2 | 3.10091e-07
 2125 | "…u" |  2 | 3.10091e-07
 2126 | "…]" |  2 | 3.10091e-07
 2127 | "EL" |  2 | 3.10091e-07
 2128 | "ON" |  2 | 3.10091e-07
 2129 | "”." |  2 | 3.10091e-07
 2130 | "yk" |  2 | 3.10091e-07
 2131 | "[…" |  2 | 3.10091e-07
 2132 | "49" |  2 | 3.10091e-07
 2133 | "86" |  2 | 3.10091e-07
 2134 | "Dy" |  2 | 3.10091e-07
 2135 | "#3" |  2 | 3.10091e-07
 2136 | "–
" |  2 | 3.10091e-07
 2137 | "–t" |  2 | 3.10091e-07
 2138 | ",’" |  2 | 3.10091e-07
 2139 | "Ul" |  2 | 3.10091e-07
 2140 | "½ " |  2 | 3.10091e-07
 2141 | "*." |  2 | 3.10091e-07
 2142 | "M-" |  2 | 3.10091e-07
 2143 | "Aa" |  2 | 3.10091e-07
 2144 | "a/" |  2 | 3.10091e-07
 2145 | "Qi" |  2 | 3.10091e-07
 2146 | "1a" |  2 | 3.10091e-07
 2147 | "Y’" |  2 | 3.10091e-07
 2148 | "W," |  2 | 3.10091e-07
 2149 | "-F" |  2 | 3.10091e-07
 2150 | "(#" |  2 | 3.10091e-07
 2151 | "hì" |  2 | 3.10091e-07
 2152 | "0x" |  2 | 3.10091e-07
 2153 | "ì " |  2 | 3.10091e-07
 2154 | "R?" |  2 | 3.10091e-07
 2155 | "X
" |  2 | 3.10091e-07
 2156 | "Ts" |  2 | 3.10091e-07
 2157 | "
b" |  2 | 3.10091e-07
 2158 | "(T" |  2 | 3.10091e-07
 2159 | "2t" |  2 | 3.10091e-07
 2160 | "PE" |  2 | 3.10091e-07
 2161 | "@D" |  2 | 3.10091e-07
 2162 | "63" |  2 | 3.10091e-07
 2163 | "(t" |  2 | 3.10091e-07
 2164 | "O," |  2 | 3.10091e-07
 2165 | "(L" |  2 | 3.10091e-07
 2166 | "gT" |  2 | 3.10091e-07
 2167 | "ū." |  2 | 3.10091e-07
 2168 | "]!" |  2 | 3.10091e-07
 2169 | " " |  2 | 3.10091e-07
 2170 | "
" |  2 | 3.10091e-07
 2171 | "= " |  2 | 3.10091e-07
 2172 | "
e" |  2 | 3.10091e-07
 2173 | "
n" |  2 | 3.10091e-07
 2174 | "’…" |  2 | 3.10091e-07
 2175 | "R
" |  2 | 3.10091e-07
 2176 | "“." |  2 | 3.10091e-07
 2177 | "UI" |  2 | 3.10091e-07
 2178 | "T…" |  2 | 3.10091e-07
 2179 | "9-" |  2 | 3.10091e-07
 2180 | "P-" |  2 | 3.10091e-07
 2181 | "½"  |  1 | 3.10091e-07
 2182 | "ì"  |  1 | 3.10091e-07
 2183 | "ö"  |  1 | 3.10091e-07
 2184 | "ò"  |  1 | 3.10091e-07
 2185 | ""  |  1 | 3.10091e-07
 2186 | "BZ" |  2 | 2.06727e-07
 2187 | "“l" |  2 | 2.06727e-07
 2188 | "EC" |  2 | 2.06727e-07
 2189 | "Vu" |  2 | 2.06727e-07
 2190 | "(o" |  2 | 2.06727e-07
 2191 | "d‘" |  2 | 2.06727e-07
 2192 | "YI" |  2 | 2.06727e-07
 2193 | "Ao" |  2 | 2.06727e-07
 2194 | "(e" |  2 | 2.06727e-07
 2195 | "h)" |  2 | 2.06727e-07
 2196 | "LT" |  2 | 2.06727e-07
 2197 | "oS" |  2 | 2.06727e-07
 2198 | "3x" |  2 | 2.06727e-07
 2199 | "“3" |  2 | 2.06727e-07
 2200 | "0/" |  2 | 2.06727e-07
 2201 | "u”" |  2 | 2.06727e-07
 2202 | "Nn" |  2 | 2.06727e-07
 2203 | "SS" |  2 | 2.06727e-07
 2204 | "md" |  2 | 2.06727e-07
 2205 | "
8" |  2 | 2.06727e-07
 2206 | "o”" |  2 | 2.06727e-07
 2207 | "TE" |  2 | 2.06727e-07
 2208 | "’;" |  2 | 2.06727e-07
 2209 | "0?" |  2 | 2.06727e-07
 2210 | "UC" |  2 | 2.06727e-07
 2211 | "Q-" |  2 | 2.06727e-07
 2212 | "W’" |  2 | 2.06727e-07
 2213 | "LS" |  2 | 2.06727e-07
 2214 | "(d" |  2 | 2.06727e-07
 2215 | " <" |  2 | 2.06727e-07
 2216 | "U," |  2 | 2.06727e-07
 2217 | "K
" |  2 | 2.06727e-07
 2218 | "-?" |  2 | 2.06727e-07
 2219 | "C:" |  2 | 2.06727e-07
 2220 | "“Ü" |  2 | 2.06727e-07
 2221 | "y‘" |  2 | 2.06727e-07
 2222 | " >" |  2 | 2.06727e-07
 2223 | ":)" |  2 | 2.06727e-07
 2224 | "XD" |  2 | 2.06727e-07
 2225 | "…’" |  2 | 2.06727e-07
 2226 | "TU" |  2 | 2.06727e-07
 2227 | "(
" |  2 | 2.06727e-07
 2228 | "/N" |  2 | 2.06727e-07
 2229 | "SW" |  2 | 2.06727e-07
 2230 | "yv" |  2 | 2.06727e-07
 2231 | "zh" |  2 | 2.06727e-07
 2232 | "GO" |  2 | 2.06727e-07
 2233 | "U " |  2 | 2.06727e-07
 2234 | "OD" |  2 | 2.06727e-07
 2235 | "s]" |  2 | 2.06727e-07
 2236 | "HS" |  2 | 2.06727e-07
 2237 | "9Z" |  2 | 2.06727e-07
 2238 | "z…" |  2 | 2.06727e-07
 2239 | "“m" |  2 | 2.06727e-07
 2240 | "i…" |  2 | 2.06727e-07
 2241 | "1’" |  2 | 2.06727e-07
 2242 | ".H" |  2 | 2.06727e-07
 2243 | "sé" |  2 | 2.06727e-07
 2244 | "O
" |  2 | 2.06727e-07
 2245 | "P_" |  2 | 2.06727e-07
 2246 | "(b" |  2 | 2.06727e-07
 2247 | "# " |  2 | 2.06727e-07
 2248 | "’o" |  2 | 2.06727e-07
 2249 | " " |  2 | 2.06727e-07
 2250 | "Gy" |  2 | 2.06727e-07
 2251 | "‘z" |  2 | 2.06727e-07
 2252 | "cN" |  2 | 2.06727e-07
 2253 | "wG" |  2 | 2.06727e-07
 2254 | "…L" |  2 | 2.06727e-07
 2255 | "gK" |  2 | 2.06727e-07
 2256 | "X’" |  2 | 2.06727e-07
 2257 | "L," |  2 | 2.06727e-07
 2258 | "0’" |  2 | 2.06727e-07
 2259 | "k*" |  2 | 2.06727e-07
 2260 | "“g" |  2 | 2.06727e-07
 2261 | "AY" |  2 | 2.06727e-07
 2262 | "(2" |  2 | 2.06727e-07
 2263 | "…C" |  2 | 2.06727e-07
 2264 | "tá" |  2 | 2.06727e-07
 2265 | "J-" |  2 | 2.06727e-07
 2266 | "o;" |  2 | 2.06727e-07
 2267 | "84" |  2 | 2.06727e-07
 2268 | "l/" |  2 | 2.06727e-07
 2269 | "(G" |  2 | 2.06727e-07
 2270 | "IR" |  2 | 2.06727e-07
 2271 | "?…" |  2 | 2.06727e-07
 2272 | "iw" |  2 | 2.06727e-07
 2273 | "SU" |  2 | 2.06727e-07
 2274 | "k/" |  2 | 2.06727e-07
 2275 | "l)" |  2 | 2.06727e-07
 2276 | "yK" |  2 | 2.06727e-07
 2277 | "/l" |  2 | 2.06727e-07
 2278 | "5-" |  2 | 2.06727e-07
 2279 | "…J" |  2 | 2.06727e-07
 2280 | "B)" |  2 | 2.06727e-07
 2281 | "2/" |  2 | 2.06727e-07
 2282 | "3’" |  2 | 2.06727e-07
 2283 | "Oa" |  2 | 2.06727e-07
 2284 | ">:" |  2 | 2.06727e-07
 2285 | "Kl" |  2 | 2.06727e-07
 2286 | "FY" |  2 | 2.06727e-07
 2287 | "IG" |  2 | 2.06727e-07
 2288 | "EA" |  2 | 2.06727e-07
 2289 | "72" |  2 | 2.06727e-07
 2290 | "l”" |  2 | 2.06727e-07
 2291 | "54" |  2 | 2.06727e-07
 2292 | "PT" |  2 | 2.06727e-07
 2293 | "C’" |  2 | 2.06727e-07
 2294 | "BL" |  2 | 2.06727e-07
 2295 | "OU" |  2 | 2.06727e-07
 2296 | "r_" |  2 | 2.06727e-07
 2297 | "–m" |  2 | 2.06727e-07
 2298 | "BM" |  2 | 2.06727e-07
 2299 | "2f" |  2 | 2.06727e-07
 2300 | "N," |  2 | 2.06727e-07
 2301 | "(H" |  2 | 2.06727e-07
 2302 | "’2" |  2 | 2.06727e-07
 2303 | "E)" |  2 | 2.06727e-07
 2304 | "UE" |  2 | 2.06727e-07
 2305 | "mR" |  2 | 2.06727e-07
 2306 | "rE" |  2 | 2.06727e-07
 2307 | "t&" |  2 | 2.06727e-07
 2308 | "é," |  2 | 2.06727e-07
 2309 | "*d" |  2 | 2.06727e-07
 2310 | "YC" |  2 | 2.06727e-07
 2311 | "B…" |  2 | 2.06727e-07
 2312 | "R!" |  2 | 2.06727e-07
 2313 | "…D" |  2 | 2.06727e-07
 2314 | "ù," |  2 | 2.06727e-07
 2315 | "gz" |  2 | 2.06727e-07
 2316 | "Ox" |  2 | 2.06727e-07
 2317 | "O?" |  2 | 2.06727e-07
 2318 | "!…" |  2 | 2.06727e-07
 2319 | "g/" |  2 | 2.06727e-07
 2320 | "FI" |  2 | 2.06727e-07
 2321 | "77" |  2 | 2.06727e-07
 2322 | "D3" |  2 | 2.06727e-07
 2323 | "MD" |  2 | 2.06727e-07
 2324 | "PC" |  2 | 2.06727e-07
 2325 | "S3" |  2 | 2.06727e-07
 2326 | "CL" |  2 | 2.06727e-07
 2327 | " •" |  2 | 2.06727e-07
 2328 | "WM" |  2 | 2.06727e-07
 2329 | "UJ" |  2 | 2.06727e-07
 2330 | "EU" |  2 | 2.06727e-07
 2331 | "–a" |  2 | 2.06727e-07
 2332 | "WE" |  2 | 2.06727e-07
 2333 | "Hr" |  2 | 2.06727e-07
 2334 | "Z." |  2 | 2.06727e-07
 2335 | "/E" |  2 | 2.06727e-07
 2336 | "
/" |  2 | 2.06727e-07
 2337 | "Kt" |  2 | 2.06727e-07
 2338 | "6-" |  2 | 2.06727e-07
 2339 | "f)" |  2 | 2.06727e-07
 2340 | "sE" |  2 | 2.06727e-07
 2341 | "-3" |  2 | 2.06727e-07
 2342 | "LA" |  2 | 2.06727e-07
 2343 | "iá" |  2 | 2.06727e-07
 2344 | "hè" |  2 | 2.06727e-07
 2345 | ".i" |  2 | 2.06727e-07
 2346 | "85" |  2 | 2.06727e-07
 2347 | "4’" |  2 | 2.06727e-07
 2348 | "Ub" |  2 | 2.06727e-07
 2349 | "Zh" |  2 | 2.06727e-07
 2350 | "yB" |  2 | 2.06727e-07
 2351 | "hà" |  2 | 2.06727e-07
 2352 | "M…" |  2 | 2.06727e-07
 2353 | "Hh" |  2 | 2.06727e-07
 2354 | "(M" |  2 | 2.06727e-07
 2355 | "M’" |  2 | 2.06727e-07
 2356 | "ěn" |  2 | 2.06727e-07
 2357 | ",a" |  2 | 2.06727e-07
 2358 | "iǎ" |  2 | 2.06727e-07
 2359 | "D&" |  2 | 2.06727e-07
 2360 | "…F" |  2 | 2.06727e-07
 2361 | "WH" |  2 | 2.06727e-07
 2362 | "h”" |  2 | 2.06727e-07
 2363 | "‘U" |  2 | 2.06727e-07
 2364 | "WO" |  2 | 2.06727e-07
 2365 | "/P" |  2 | 2.06727e-07
 2366 | "LU" |  2 | 2.06727e-07
 2367 | "C)" |  2 | 2.06727e-07
 2368 | "H," |  2 | 2.06727e-07
 2369 | "…E" |  2 | 2.06727e-07
 2370 | "b/" |  2 | 2.06727e-07
 2371 | "I‘" |  2 | 2.06727e-07
 2372 | "DT" |  2 | 2.06727e-07
 2373 | "F," |  2 | 2.06727e-07
 2374 | "5…" |  2 | 2.06727e-07
 2375 | "3½" |  2 | 2.06727e-07
 2376 | "w_" |  2 | 2.06727e-07
 2377 | "h(" |  2 | 2.06727e-07
 2378 | "w)" |  2 | 2.06727e-07
 2379 | "jp" |  2 | 2.06727e-07
 2380 | "pC" |  2 | 2.06727e-07
 2381 | "ME" |  2 | 2.06727e-07
 2382 | "1x" |  2 | 2.06727e-07
 2383 | "H2" |  2 | 2.06727e-07
 2384 | "(c" |  2 | 2.06727e-07
 2385 | ":I" |  2 | 2.06727e-07
 2386 | "88" |  2 | 2.06727e-07
 2387 | "n”" |  2 | 2.06727e-07
 2388 | "wě" |  2 | 2.06727e-07
 2389 | "zb" |  2 | 2.06727e-07
 2390 | "/3" |  2 | 2.06727e-07
 2391 | ".K" |  2 | 2.06727e-07
 2392 | "►G" |  2 | 2.06727e-07
 2393 | "PI" |  2 | 2.06727e-07
 2394 | "MW" |  2 | 2.06727e-07
 2395 | "(p" |  2 | 2.06727e-07
 2396 | "g)" |  2 | 2.06727e-07
 2397 | "Q," |  2 | 2.06727e-07
 2398 | "@V" |  2 | 2.06727e-07
 2399 | "t(" |  2 | 2.06727e-07
 2400 | "án" |  2 | 2.06727e-07
 2401 | "J " |  2 | 2.06727e-07
 2402 | "V
" |  2 | 2.06727e-07
 2403 | "[T" |  2 | 2.06727e-07
 2404 | "Xy" |  2 | 2.06727e-07
 2405 | "?'" |  2 | 2.06727e-07
 2406 | "[E" |  2 | 2.06727e-07
 2407 | "lD" |  2 | 2.06727e-07
 2408 | "t1" |  2 | 2.06727e-07
 2409 | "(K" |  2 | 2.06727e-07
 2410 | "tv" |  2 | 2.06727e-07
 2411 | "/2" |  2 | 2.06727e-07
 2412 | "(5" |  2 | 2.06727e-07
 2413 | "94" |  2 | 2.06727e-07
 2414 | "9?" |  2 | 2.06727e-07
 2415 | "C0" |  2 | 2.06727e-07
 2416 | "*B" |  2 | 2.06727e-07
 2417 | "g”" |  2 | 2.06727e-07
 2418 | "(h" |  2 | 2.06727e-07
 2419 | "TO" |  2 | 2.06727e-07
 2420 | "CM" |  2 | 2.06727e-07
 2421 | "N8" |  2 | 2.06727e-07
 2422 | "WI" |  2 | 2.06727e-07
 2423 | "&D" |  2 | 2.06727e-07
 2424 | "RU" |  2 | 2.06727e-07
 2425 | "B
" |  2 | 2.06727e-07
 2426 | "bh" |  2 | 2.06727e-07
 2427 | "NT" |  2 | 2.06727e-07
 2428 | "/T" |  2 | 2.06727e-07
 2429 | "AR" |  2 | 2.06727e-07
 2430 | "x
" |  2 | 2.06727e-07
 2431 | "
l" |  2 | 2.06727e-07
 2432 | "K," |  2 | 2.06727e-07
 2433 | "U-" |  2 | 2.06727e-07
 2434 | "(i" |  2 | 2.06727e-07
 2435 | "ě"  |  1 | 2.06727e-07
 2436 | ""  |  1 | 2.06727e-07
 2437 | "è"  |  1 | 2.06727e-07
 2438 | "\"  |  1 | 2.06727e-07
 2439 | "ú"  |  1 | 2.06727e-07
 2440 | "̄"  |  1 | 2.06727e-07
 2441 | "ī"  |  1 | 2.06727e-07
 2442 | "Jy" |  2 | 1.03364e-07
 2443 | "DU" |  2 | 1.03364e-07
 2444 | "’”" |  2 | 1.03364e-07
 2445 | "
k" |  2 | 1.03364e-07
 2446 | "rF" |  2 | 1.03364e-07
 2447 | "MO" |  2 | 1.03364e-07
 2448 | "*r" |  2 | 1.03364e-07
 2449 | "/=" |  2 | 1.03364e-07
 2450 | "?." |  2 | 1.03364e-07
 2451 | "CR" |  2 | 1.03364e-07
 2452 | "*w" |  2 | 1.03364e-07
 2453 | "B+" |  2 | 1.03364e-07
 2454 | "r1" |  2 | 1.03364e-07
 2455 | "3%" |  2 | 1.03364e-07
 2456 | "
" |  2 | 1.03364e-07
 2457 | "”l" |  2 | 1.03364e-07
 2458 | "e—" |  2 | 1.03364e-07
 2459 | ".F" |  2 | 1.03364e-07
 2460 | "eG" |  2 | 1.03364e-07
 2461 | "/r" |  2 | 1.03364e-07
 2462 | "CQ" |  2 | 1.03364e-07
 2463 | "2%" |  2 | 1.03364e-07
 2464 | "zx" |  2 | 1.03364e-07
 2465 | "AV" |  2 | 1.03364e-07
 2466 | "2?" |  2 | 1.03364e-07
 2467 | "BS" |  2 | 1.03364e-07
 2468 | "B4" |  2 | 1.03364e-07
 2469 | "KT" |  2 | 1.03364e-07
 2470 | "BU" |  2 | 1.03364e-07
 2471 | "I♥" |  2 | 1.03364e-07
 2472 | "OC" |  2 | 1.03364e-07
 2473 | "L’" |  2 | 1.03364e-07
 2474 | ".c" |  2 | 1.03364e-07
 2475 | "@c" |  2 | 1.03364e-07
 2476 | "
7" |  2 | 1.03364e-07
 2477 | ":9" |  2 | 1.03364e-07
 2478 | "P3" |  2 | 1.03364e-07
 2479 | "_D" |  2 | 1.03364e-07
 2480 | "&A" |  2 | 1.03364e-07
 2481 | "A]" |  2 | 1.03364e-07
 2482 | "ē-" |  2 | 1.03364e-07
 2483 | "&f" |  2 | 1.03364e-07
 2484 | "-U" |  2 | 1.03364e-07
 2485 | "RV" |  2 | 1.03364e-07
 2486 | "VE" |  2 | 1.03364e-07
 2487 | "9%" |  2 | 1.03364e-07
 2488 | "AG" |  2 | 1.03364e-07
 2489 | ",2" |  2 | 1.03364e-07
 2490 | "/d" |  2 | 1.03364e-07
 2491 | "b4" |  2 | 1.03364e-07
 2492 | "M!" |  2 | 1.03364e-07
 2493 | "*a" |  2 | 1.03364e-07
 2494 | "’:" |  2 | 1.03364e-07
 2495 | "t]" |  2 | 1.03364e-07
 2496 | "uT" |  2 | 1.03364e-07
 2497 | "c/" |  2 | 1.03364e-07
 2498 | "3K" |  2 | 1.03364e-07
 2499 | "D’" |  2 | 1.03364e-07
 2500 | "eA" |  2 | 1.03364e-07
 2501 | ".k" |  2 | 1.03364e-07
 2502 | "D!" |  2 | 1.03364e-07
 2503 | "*e" |  2 | 1.03364e-07
 2504 | "(1" |  2 | 1.03364e-07
 2505 | "cd" |  2 | 1.03364e-07
 2506 | "z
" |  2 | 1.03364e-07
 2507 | "“2" |  2 | 1.03364e-07
 2508 | "eI" |  2 | 1.03364e-07
 2509 | "+." |  2 | 1.03364e-07
 2510 | "Cc" |  2 | 1.03364e-07
 2511 | "K?" |  2 | 1.03364e-07
 2512 | "TY" |  2 | 1.03364e-07
 2513 | "M?" |  2 | 1.03364e-07
 2514 | "8b" |  2 | 1.03364e-07
 2515 | "8c" |  2 | 1.03364e-07
 2516 | "/a" |  2 | 1.03364e-07
 2517 | "wê" |  2 | 1.03364e-07
 2518 | "RJ" |  2 | 1.03364e-07
 2519 | "”A" |  2 | 1.03364e-07
 2520 | "BI" |  2 | 1.03364e-07
 2521 | "GH" |  2 | 1.03364e-07
 2522 | "►E" |  2 | 1.03364e-07
 2523 | "KC" |  2 | 1.03364e-07
 2524 | "DI" |  2 | 1.03364e-07
 2525 | "C5" |  2 | 1.03364e-07
 2526 | "Gh" |  2 | 1.03364e-07
 2527 | "Yi" |  2 | 1.03364e-07
 2528 | "
r" |  2 | 1.03364e-07
 2529 | "oL" |  2 | 1.03364e-07
 2530 | "Td" |  2 | 1.03364e-07
 2531 | "]H" |  2 | 1.03364e-07
 2532 | "l]" |  2 | 1.03364e-07
 2533 | "O)" |  2 | 1.03364e-07
 2534 | "y@" |  2 | 1.03364e-07
 2535 | "#
" |  2 | 1.03364e-07
 2536 | "R8" |  2 | 1.03364e-07
 2537 | "Wu" |  2 | 1.03364e-07
 2538 | "P
" |  2 | 1.03364e-07
 2539 | "PU" |  2 | 1.03364e-07
 2540 | "CO" |  2 | 1.03364e-07
 2541 | "kB" |  2 | 1.03364e-07
 2542 | "C…" |  2 | 1.03364e-07
 2543 | "1f" |  2 | 1.03364e-07
 2544 | "gB" |  2 | 1.03364e-07
 2545 | ".N" |  2 | 1.03364e-07
 2546 | "F’" |  2 | 1.03364e-07
 2547 | "”I" |  2 | 1.03364e-07
 2548 | "JR" |  2 | 1.03364e-07
 2549 | "DX" |  2 | 1.03364e-07
 2550 | "dN" |  2 | 1.03364e-07
 2551 | "oB" |  2 | 1.03364e-07
 2552 | "lC" |  2 | 1.03364e-07
 2553 | "c;" |  2 | 1.03364e-07
 2554 | ",“" |  2 | 1.03364e-07
 2555 | " " |  2 | 1.03364e-07
 2556 | "”N" |  2 | 1.03364e-07
 2557 | "t2" |  2 | 1.03364e-07
 2558 | "1g" |  2 | 1.03364e-07
 2559 | "J’" |  2 | 1.03364e-07
 2560 | "cS" |  2 | 1.03364e-07
 2561 | " Ç" |  2 | 1.03364e-07
 2562 | "Ça" |  2 | 1.03364e-07
 2563 | "rP" |  2 | 1.03364e-07
 2564 | "1h" |  2 | 1.03364e-07
 2565 | " " |  2 | 1.03364e-07
 2566 | "e♥" |  2 | 1.03364e-07
 2567 | "/f" |  2 | 1.03364e-07
 2568 | "HI" |  2 | 1.03364e-07
 2569 | "9@" |  2 | 1.03364e-07
 2570 | "♥l" |  2 | 1.03364e-07
 2571 | " ♥" |  2 | 1.03364e-07
 2572 | "Iv" |  2 | 1.03364e-07
 2573 | "Io" |  2 | 1.03364e-07
 2574 | "r‘" |  2 | 1.03364e-07
 2575 | "68" |  2 | 1.03364e-07
 2576 | "[U" |  2 | 1.03364e-07
 2577 | "x_" |  2 | 1.03364e-07
 2578 | "tN" |  2 | 1.03364e-07
 2579 | "5+" |  2 | 1.03364e-07
 2580 | "T
" |  2 | 1.03364e-07
 2581 | ":T" |  2 | 1.03364e-07
 2582 | "m/" |  2 | 1.03364e-07
 2583 | "%?" |  2 | 1.03364e-07
 2584 | "TB" |  2 | 1.03364e-07
 2585 | "zs" |  2 | 1.03364e-07
 2586 | "K*" |  2 | 1.03364e-07
 2587 | "c”" |  2 | 1.03364e-07
 2588 | " " |  2 | 1.03364e-07
 2589 | "(3" |  2 | 1.03364e-07
 2590 | "62" |  2 | 1.03364e-07
 2591 | "[F" |  2 | 1.03364e-07
 2592 | "[s" |  2 | 1.03364e-07
 2593 | "[t" |  2 | 1.03364e-07
 2594 | "”S" |  2 | 1.03364e-07
 2595 | "s^" |  2 | 1.03364e-07
 2596 | "…R" |  2 | 1.03364e-07
 2597 | "DB" |  2 | 1.03364e-07
 2598 | "[f" |  2 | 1.03364e-07
 2599 | "…K" |  2 | 1.03364e-07
 2600 | "ré" |  2 | 1.03364e-07
 2601 | "[9" |  2 | 1.03364e-07
 2602 | "Kp" |  2 | 1.03364e-07
 2603 | "R7" |  2 | 1.03364e-07
 2604 | "1R" |  2 | 1.03364e-07
 2605 | "Q
" |  2 | 1.03364e-07
 2606 | "4%" |  2 | 1.03364e-07
 2607 | "CH" |  2 | 1.03364e-07
 2608 | "76" |  2 | 1.03364e-07
 2609 | "♥ " |  2 | 1.03364e-07
 2610 | "f_" |  2 | 1.03364e-07
 2611 | "%3" |  2 | 1.03364e-07
 2612 | "R1" |  2 | 1.03364e-07
 2613 | "5a" |  2 | 1.03364e-07
 2614 | "1T" |  2 | 1.03364e-07
 2615 | "j," |  2 | 1.03364e-07
 2616 | "m_" |  2 | 1.03364e-07
 2617 | "…k" |  2 | 1.03364e-07
 2618 | "♥/" |  2 | 1.03364e-07
 2619 | "/v" |  2 | 1.03364e-07
 2620 | ");" |  2 | 1.03364e-07
 2621 | "BF" |  2 | 1.03364e-07
 2622 | "j/" |  2 | 1.03364e-07
 2623 | ".p" |  2 | 1.03364e-07
 2624 | "aW" |  2 | 1.03364e-07
 2625 | "(y" |  2 | 1.03364e-07
 2626 | "[D" |  2 | 1.03364e-07
 2627 | ")?" |  2 | 1.03364e-07
 2628 | "Q2" |  2 | 1.03364e-07
 2629 | "sA" |  2 | 1.03364e-07
 2630 | "PN" |  2 | 1.03364e-07
 2631 | "[J" |  2 | 1.03364e-07
 2632 | "i”" |  2 | 1.03364e-07
 2633 | " \" |  2 | 1.03364e-07
 2634 | "_o" |  2 | 1.03364e-07
 2635 | "[a" |  2 | 1.03364e-07
 2636 | "vz" |  2 | 1.03364e-07
 2637 | "7b" |  2 | 1.03364e-07
 2638 | "*g" |  2 | 1.03364e-07
 2639 | "bB" |  2 | 1.03364e-07
 2640 | "XA" |  2 | 1.03364e-07
 2641 | ".C" |  2 | 1.03364e-07
 2642 | "té" |  2 | 1.03364e-07
 2643 | "EX" |  2 | 1.03364e-07
 2644 | "M*" |  2 | 1.03364e-07
 2645 | "wE" |  2 | 1.03364e-07
 2646 | "u5" |  2 | 1.03364e-07
 2647 | "X," |  2 | 1.03364e-07
 2648 | ".W" |  2 | 1.03364e-07
 2649 | "n̄" |  2 | 1.03364e-07
 2650 | "tk" |  2 | 1.03364e-07
 2651 | "G’" |  2 | 1.03364e-07
 2652 | "ZA" |  2 | 1.03364e-07
 2653 | "c=" |  2 | 1.03364e-07
 2654 | "v%" |  2 | 1.03364e-07
 2655 | "-☿" |  2 | 1.03364e-07
 2656 | ".g" |  2 | 1.03364e-07
 2657 | "&l" |  2 | 1.03364e-07
 2658 | "\&" |  2 | 1.03364e-07
 2659 | "8\" |  2 | 1.03364e-07
 2660 | "z’" |  2 | 1.03364e-07
 2661 | "{N" |  2 | 1.03364e-07
 2662 | "5’" |  2 | 1.03364e-07
 2663 | "“n" |  2 | 1.03364e-07
 2664 | "“4" |  2 | 1.03364e-07
 2665 | "FO" |  2 | 1.03364e-07
 2666 | "— " |  2 | 1.03364e-07
 2667 | "f–" |  2 | 1.03364e-07
 2668 | "2i" |  2 | 1.03364e-07
 2669 | "Mn" |  2 | 1.03364e-07
 2670 | "…j" |  2 | 1.03364e-07
 2671 | "
" |  2 | 1.03364e-07
 2672 | "GR" |  2 | 1.03364e-07
 2673 | "úc" |  2 | 1.03364e-07
 2674 | "zú" |  2 | 1.03364e-07
 2675 | "<-" |  2 | 1.03364e-07
 2676 | "ée" |  2 | 1.03364e-07
 2677 | "8w" |  2 | 1.03364e-07
 2678 | "7+" |  2 | 1.03364e-07
 2679 | "MA" |  2 | 1.03364e-07
 2680 | "=
" |  2 | 1.03364e-07
 2681 | "s9" |  2 | 1.03364e-07
 2682 | "j
" |  2 | 1.03364e-07
 2683 | "t@" |  2 | 1.03364e-07
 2684 | " " |  2 | 1.03364e-07
 2685 | "y–" |  2 | 1.03364e-07
 2686 | "l5" |  2 | 1.03364e-07
 2687 | "[P" |  2 | 1.03364e-07
 2688 | "2x" |  2 | 1.03364e-07
 2689 | "Y
" |  2 | 1.03364e-07
 2690 | "-J" |  2 | 1.03364e-07
 2691 | "✘ " |  2 | 1.03364e-07
 2692 | "áj" |  2 | 1.03364e-07
 2693 | ";
" |  2 | 1.03364e-07
 2694 | "j’" |  2 | 1.03364e-07
 2695 | "►N" |  2 | 1.03364e-07
 2696 | " ✘" |  2 | 1.03364e-07
 2697 | "
p" |  2 | 1.03364e-07
 2698 | "/7" |  2 | 1.03364e-07
 2699 | "–T" |  2 | 1.03364e-07
 2700 | "[H" |  2 | 1.03364e-07
 2701 | "
j" |  2 | 1.03364e-07
 2702 | "Ml" |  2 | 1.03364e-07
 2703 | "Dg" |  2 | 1.03364e-07
 2704 | "‘1" |  2 | 1.03364e-07
 2705 | "♥L" |  2 | 1.03364e-07
 2706 | ",g" |  2 | 1.03364e-07
 2707 | "0a" |  2 | 1.03364e-07
 2708 | "D?" |  2 | 1.03364e-07
 2709 | "GA" |  2 | 1.03364e-07
 2710 | ")s" |  2 | 1.03364e-07
 2711 | "EG" |  2 | 1.03364e-07
 2712 | "ǎp" |  2 | 1.03364e-07
 2713 | "QE" |  2 | 1.03364e-07
 2714 | "ī," |  2 | 1.03364e-07
 2715 | "tī" |  2 | 1.03364e-07
 2716 | "k”" |  2 | 1.03364e-07
 2717 | "̂ " |  2 | 1.03364e-07
 2718 | "…v" |  2 | 1.03364e-07
 2719 | "ū̂" |  2 | 1.03364e-07
 2720 | "̄h" |  2 | 1.03364e-07
 2721 | "@," |  2 | 1.03364e-07
 2722 | "r*" |  2 | 1.03364e-07
 2723 | "NF" |  2 | 1.03364e-07
 2724 | "õl" |  2 | 1.03364e-07
 2725 | "(<" |  2 | 1.03364e-07
 2726 | "P̄" |  2 | 1.03364e-07
 2727 | "Põ" |  2 | 1.03364e-07
 2728 | "A’" |  2 | 1.03364e-07
 2729 | "xx" |  2 | 1.03364e-07
 2730 | "kx" |  2 | 1.03364e-07
 2731 | "Ss" |  2 | 1.03364e-07
 2732 | "TN" |  2 | 1.03364e-07
 2733 | "/Z" |  2 | 1.03364e-07
 2734 | "6’" |  2 | 1.03364e-07
 2735 | "AC" |  2 | 1.03364e-07
 2736 | ",w" |  2 | 1.03364e-07
 2737 | "V-" |  2 | 1.03364e-07
 2738 | "4”" |  2 | 1.03364e-07
 2739 | "(J" |  2 | 1.03364e-07
 2740 | "Oe" |  2 | 1.03364e-07
 2741 | ":7" |  2 | 1.03364e-07
 2742 | "+:" |  2 | 1.03364e-07
 2743 | "P!" |  2 | 1.03364e-07
 2744 | "t–" |  2 | 1.03364e-07
 2745 | "b–" |  2 | 1.03364e-07
 2746 | "iV" |  2 | 1.03364e-07
 2747 | "Uu" |  2 | 1.03364e-07
 2748 | "GW" |  2 | 1.03364e-07
 2749 | "gé" |  2 | 1.03364e-07
 2750 | "Oi" |  2 | 1.03364e-07
 2751 | "Z " |  2 | 1.03364e-07
 2752 | "0m" |  2 | 1.03364e-07
 2753 | "Cy" |  2 | 1.03364e-07
 2754 | "’b" |  2 | 1.03364e-07
 2755 | "uj" |  2 | 1.03364e-07
 2756 | "v0" |  2 | 1.03364e-07
 2757 | "Bs" |  2 | 1.03364e-07
 2758 | "Bb" |  2 | 1.03364e-07
 2759 | "Y/" |  2 | 1.03364e-07
 2760 | "Sā" |  2 | 1.03364e-07
 2761 | "9…" |  2 | 1.03364e-07
 2762 | "n–" |  2 | 1.03364e-07
 2763 | "eB" |  2 | 1.03364e-07
 2764 | "āh" |  2 | 1.03364e-07
 2765 | "UF" |  2 | 1.03364e-07
 2766 | "TC" |  2 | 1.03364e-07
 2767 | "sī" |  2 | 1.03364e-07
 2768 | "(n" |  2 | 1.03364e-07
 2769 | "e2" |  2 | 1.03364e-07
 2770 | "E:" |  2 | 1.03364e-07
 2771 | "ī " |  2 | 1.03364e-07
 2772 | "Pā" |  2 | 1.03364e-07
 2773 | "̄c" |  2 | 1.03364e-07
 2774 | "C1" |  2 | 1.03364e-07
 2775 | "Hn" |  2 | 1.03364e-07
 2776 | "SH" |  2 | 1.03364e-07
 2777 | "p3" |  2 | 1.03364e-07
 2778 | "xs" |  2 | 1.03364e-07
 2779 | "xq" |  2 | 1.03364e-07
 2780 | "än" |  2 | 1.03364e-07
 2781 | "WA" |  2 | 1.03364e-07
 2782 | "èn" |  2 | 1.03364e-07
 2783 | "òu" |  2 | 1.03364e-07
 2784 | "Rr" |  2 | 1.03364e-07
 2785 | "’&" |  2 | 1.03364e-07
 2786 | "T&" |  2 | 1.03364e-07
 2787 | "‘9" |  2 | 1.03364e-07
 2788 | "WB" |  2 | 1.03364e-07
 2789 | "…U" |  2 | 1.03364e-07
 2790 | "D
" |  2 | 1.03364e-07
 2791 | "☿
" |  2 | 1.03364e-07
 2792 | "–w" |  2 | 1.03364e-07
 2793 | "2½" |  2 | 1.03364e-07
 2794 | "NX" |  2 | 1.03364e-07
 2795 | "Kw" |  2 | 1.03364e-07
 2796 | "CS" |  2 | 1.03364e-07
 2797 | "q," |  2 | 1.03364e-07
 2798 | "C?" |  2 | 1.03364e-07
 2799 | "CV" |  2 | 1.03364e-07
 2800 | "WQ" |  2 | 1.03364e-07
 2801 | ",s" |  2 | 1.03364e-07
 2802 | "G”" |  2 | 1.03364e-07
 2803 | "x;" |  2 | 1.03364e-07
 2804 | "CG" |  2 | 1.03364e-07
 2805 | "yù" |  2 | 1.03364e-07
 2806 | "ël" |  2 | 1.03364e-07
 2807 | "v…" |  2 | 1.03364e-07
 2808 | "l‘" |  2 | 1.03364e-07
 2809 | ".l" |  2 | 1.03364e-07
 2810 | ".Q" |  2 | 1.03364e-07
 2811 | "Dǎ" |  2 | 1.03364e-07
 2812 | "FB" |  2 | 1.03364e-07
 2813 | "5?" |  2 | 1.03364e-07
 2814 | "fú" |  2 | 1.03364e-07
 2815 | "M”" |  2 | 1.03364e-07
 2816 | "qz" |  2 | 1.03364e-07
 2817 | "”Y" |  2 | 1.03364e-07
 2818 | "”…" |  2 | 1.03364e-07
 2819 | "DH" |  2 | 1.03364e-07
 2820 | "9’" |  2 | 1.03364e-07
 2821 | "b:" |  2 | 1.03364e-07
 2822 | "ò," |  2 | 1.03364e-07
 2823 | "Tā" |  2 | 1.03364e-07
 2824 | "
6" |  2 | 1.03364e-07
 2825 | ",." |  2 | 1.03364e-07
 2826 | "GU" |  2 | 1.03364e-07
 2827 | "ǎ’" |  2 | 1.03364e-07
 2828 | ".[" |  2 | 1.03364e-07
 2829 | "2’" |  2 | 1.03364e-07
 2830 | "OL" |  2 | 1.03364e-07
 2831 | "AW" |  2 | 1.03364e-07
 2832 | "N
" |  2 | 1.03364e-07
 2833 | ".]" |  2 | 1.03364e-07
 2834 | "…-" |  2 | 1.03364e-07
 2835 | "V…" |  2 | 1.03364e-07
 2836 | "(N" |  2 | 1.03364e-07
 2837 | "UL" |  2 | 1.03364e-07
 2838 | "ús" |  2 | 1.03364e-07
 2839 | "Tí" |  2 | 1.03364e-07
 2840 | "è " |  2 | 1.03364e-07
 2841 | "tj" |  2 | 1.03364e-07
 2842 | "uò" |  2 | 1.03364e-07
 2843 | "b;" |  2 | 1.03364e-07
 2844 | "CJ" |  2 | 1.03364e-07
 2845 | "6a" |  2 | 1.03364e-07
 2846 | "sà" |  2 | 1.03364e-07
 2847 | "òs" |  2 | 1.03364e-07
 2848 | "Sã" |  2 | 1.03364e-07
 2849 | "KO" |  2 | 1.03364e-07
 2850 | "Ax" |  2 | 1.03364e-07
 2851 | "►A" |  2 | 1.03364e-07
 2852 | "Oz" |  2 | 1.03364e-07
 2853 | "#4" |  2 | 1.03364e-07
 2854 | "1c" |  2 | 1.03364e-07
 2855 | ".Y" |  2 | 1.03364e-07
 2856 | "Pp" |  2 | 1.03364e-07
 2857 | "^." |  2 | 1.03364e-07
 2858 | "YE" |  2 | 1.03364e-07
 2859 | "FU" |  2 | 1.03364e-07
 2860 | "EP" |  2 | 1.03364e-07
 2861 | "
y" |  2 | 1.03364e-07
 2862 | "7’" |  2 | 1.03364e-07
 2863 | "l–" |  2 | 1.03364e-07
 2864 | "tò" |  2 | 1.03364e-07
 2865 | "ão" |  2 | 1.03364e-07
 2866 | "á," |  2 | 1.03364e-07
 2867 | "S2" |  2 | 1.03364e-07
 2868 | "JS" |  2 | 1.03364e-07
 2869 | "[c" |  2 | 1.03364e-07
 2870 | "”L" |  2 | 1.03364e-07
 2871 | "]." |  2 | 1.03364e-07
 2872 | "ā " |  2 | 1.03364e-07
 2873 | "5z" |  2 | 1.03364e-07
 2874 | "Gn" |  2 | 1.03364e-07
 2875 | "6!" |  2 | 1.03364e-07
 2876 | "2m" |  2 | 1.03364e-07
 2877 | ":6" |  2 | 1.03364e-07
 2878 | "A8" |  2 | 1.03364e-07
 2879 | "S!" |  2 | 1.03364e-07
 2880 | "@s" |  2 | 1.03364e-07
 2881 | "z:" |  2 | 1.03364e-07
 2882 | "n]" |  2 | 1.03364e-07
 2883 | "J
" |  2 | 1.03364e-07
 2884 | "C*" |  2 | 1.03364e-07
 2885 | "AX" |  2 | 1.03364e-07
 2886 | "dS" |  2 | 1.03364e-07
 2887 | "X(" |  2 | 1.03364e-07
 2888 | "Lü" |  2 | 1.03364e-07
 2889 | "yD" |  2 | 1.03364e-07
 2890 | "8’" |  2 | 1.03364e-07
 2891 | "VN" |  2 | 1.03364e-07
 2892 | "zk" |  2 | 1.03364e-07
 2893 | "””" |  2 | 1.03364e-07
 2894 | "?D" |  2 | 1.03364e-07
 2895 | "\♥" |  2 | 1.03364e-07
 2896 | "R0" |  2 | 1.03364e-07
 2897 | "G
" |  2 | 1.03364e-07
 2898 | "Q0" |  2 | 1.03364e-07
 2899 | "9)" |  2 | 1.03364e-07
 2900 | "H " |  2 | 1.03364e-07
 2901 | "3/" |  2 | 1.03364e-07
 2902 | "*s" |  2 | 1.03364e-07
 2903 | "QC" |  2 | 1.03364e-07
 2904 | "H;" |  2 | 1.03364e-07
 2905 | "r”" |  2 | 1.03364e-07
 2906 | ",I" |  2 | 1.03364e-07
 2907 | "(l" |  2 | 1.03364e-07
 2908 | "&I" |  2 | 1.03364e-07
 2909 | "xN" |  2 | 1.03364e-07
 2910 | "@L" |  2 | 1.03364e-07
 2911 | "1e" |  2 | 1.03364e-07
 2912 | ">
" |  2 | 1.03364e-07
 2913 | "R]" |  2 | 1.03364e-07
 2914 | "NZ" |  2 | 1.03364e-07
 2915 | "1b" |  2 | 1.03364e-07
 2916 | "Ak" |  2 | 1.03364e-07
 2917 | "pò" |  2 | 1.03364e-07
 2918 | "RM" |  2 | 1.03364e-07
 2919 | "YB" |  2 | 1.03364e-07
 2920 | ";v" |  2 | 1.03364e-07
 2921 | "C
" |  2 | 1.03364e-07
 2922 | "@4" |  2 | 1.03364e-07
 2923 | "(I" |  2 | 1.03364e-07
 2924 | "<F" |  2 | 1.03364e-07
 2925 | "JO" |  2 | 1.03364e-07
 2926 | "Vr" |  2 | 1.03364e-07
 2927 | "*o" |  2 | 1.03364e-07
 2928 | "1d" |  2 | 1.03364e-07
 2929 | "K)" |  2 | 1.03364e-07
 2930 | "eE" |  2 | 1.03364e-07
 2931 | "1t" |  2 | 1.03364e-07
 2932 | "RP" |  2 | 1.03364e-07
 2933 | "7”" |  2 | 1.03364e-07
 2934 | "qw" |  2 | 1.03364e-07
 2935 | "@m" |  2 | 1.03364e-07
 2936 | "UP" |  2 | 1.03364e-07
 2937 | "fä" |  2 | 1.03364e-07
 2938 | "/R" |  2 | 1.03364e-07
 2939 | "m‘" |  2 | 1.03364e-07
 2940 | "‘." |  2 | 1.03364e-07
 2941 | "vr" |  2 | 1.03364e-07
 2942 | "RB" |  2 | 1.03364e-07
 2943 | "?‘" |  2 | 1.03364e-07
 2944 | "-K" |  2 | 1.03364e-07
 2945 | "=/" |  2 | 1.03364e-07
 2946 | "êr" |  2 | 1.03364e-07
 2947 | "AL" |  2 | 1.03364e-07
 2948 | "Vy" |  2 | 1.03364e-07
 2949 | "(r" |  2 | 1.03364e-07
 2950 | "W
" |  2 | 1.03364e-07
 2951 | "SC" |  2 | 1.03364e-07
 2952 | "RG" |  2 | 1.03364e-07
 2953 | "jy" |  2 | 1.03364e-07
 2954 | "7!" |  2 | 1.03364e-07
 2955 | "NE" |  2 | 1.03364e-07
 2956 | "sD" |  2 | 1.03364e-07
 2957 | "“d" |  2 | 1.03364e-07
 2958 | "nR" |  2 | 1.03364e-07
 2959 | "bp" |  2 | 1.03364e-07
 2960 | "eë" |  2 | 1.03364e-07
 2961 | "GG" |  2 | 1.03364e-07
 2962 | "tB" |  2 | 1.03364e-07
 2963 | "E8" |  2 | 1.03364e-07
 2964 | "KI" |  2 | 1.03364e-07
 2965 | "GJ" |  2 | 1.03364e-07
 2966 | "H’" |  2 | 1.03364e-07
 2967 | "UM" |  2 | 1.03364e-07
 2968 | "Dd" |  2 | 1.03364e-07
 2969 | "UV" |  2 | 1.03364e-07
 2970 | "%-" |  2 | 1.03364e-07
 2971 | "hN" |  2 | 1.03364e-07
 2972 | "Qw" |  2 | 1.03364e-07
 2973 | "6b" |  2 | 1.03364e-07
 2974 | "K/" |  2 | 1.03364e-07
 2975 | "uq" |  2 | 1.03364e-07
 2976 | "A)" |  2 | 1.03364e-07
 2977 | "’y" |  2 | 1.03364e-07
 2978 | "lj" |  2 | 1.03364e-07
 2979 | "üd" |  2 | 1.03364e-07
 2980 | "Qt" |  2 | 1.03364e-07
 2981 | "(8" |  2 | 1.03364e-07
 2982 | "“c" |  2 | 1.03364e-07
 2983 | "UX" |  2 | 1.03364e-07
 2984 | "zf" |  2 | 1.03364e-07
 2985 | "AU" |  2 | 1.03364e-07
 2986 | "LK" |  2 | 1.03364e-07
 2987 | "MS" |  2 | 1.03364e-07
 2988 | "Xa" |  2 | 1.03364e-07
 2989 | "4a" |  2 | 1.03364e-07
 2990 | "Zw" |  2 | 1.03364e-07
 2991 | "w3" |  2 | 1.03364e-07
 2992 | "RY" |  2 | 1.03364e-07
 2993 | "Q!" |  2 | 1.03364e-07
 2994 | ";{" |  2 | 1.03364e-07
 2995 | "Jr" |  2 | 1.03364e-07
 2996 | "x:" |  2 | 1.03364e-07
 2997 | "wm" |  2 | 1.03364e-07
 2998 | "87" |  2 | 1.03364e-07
 2999 | "2U" |  2 | 1.03364e-07
 3000 | "“y" |  2 | 1.03364e-07
 3001 | "F:" |  2 | 1.03364e-07
 3002 | "PY" |  2 | 1.03364e-07
 3003 | "hj" |  2 | 1.03364e-07
 3004 | "RE" |  2 | 1.03364e-07
 3005 | "NC" |  2 | 1.03364e-07
 3006 | "4/" |  2 | 1.03364e-07
 3007 | "☿"  |  1 | 1.03364e-07
 3008 | "Ç"  |  1 | 1.03364e-07
 3009 | "ü"  |  1 | 1.03364e-07
 3010 | "ë"  |  1 | 1.03364e-07
 3011 | "õ"  |  1 | 1.03364e-07
 3012 | "̂"  |  1 | 1.03364e-07
 3013 | "✘"  |  1 | 1.03364e-07
 3014 | "ê"  |  1 | 1.03364e-07
 3015 | "ã"  |  1 | 1.03364e-07
 3016 | "^"  |  1 | 1.03364e-07
 3017 | "{"  |  1 | 1.03364e-07
 3018 | "ä"  |  1 | 1.03364e-07
 3019 | ""  |  1 | 1.03364e-07

